# time | wo surface tension | w surface tension
1.000000000000000000e+03 3.832565089105239697e-04 2.249339225210106688e-04
2.000000000000000000e+03 2.853971322730676670e-04 1.459384165339194686e-04
3.000000000000000000e+03 2.448642959098636346e-04 1.098529053431370926e-04
4.000000000000000000e+03 2.213614683003637079e-04 9.048772488157173549e-05
5.000000000000000000e+03 2.025491567391776281e-04 8.121994825855370637e-05
6.000000000000000000e+03 0.000000000000000000e+00 0.000000000000000000e+00
7.000000000000000000e+03 1.766461245734288047e-04 7.270237009543504799e-05
8.000000000000000000e+03 0.000000000000000000e+00 0.000000000000000000e+00
9.000000000000000000e+03 1.625347806292765378e-04 6.705919041274665561e-05
1.000000000000000000e+04 0.000000000000000000e+00 0.000000000000000000e+00
1.100000000000000000e+04 1.521137133194710349e-04 6.368062176744741093e-05
1.200000000000000000e+04 1.465794662888730262e-04 6.270908768497134315e-05
1.300000000000000000e+04 1.424550378319341633e-04 6.146155573153641832e-05
1.400000000000000000e+04 1.379157575785714188e-04 6.018479023381949399e-05
1.500000000000000000e+04 0.000000000000000000e+00 0.000000000000000000e+00
1.600000000000000000e+04 1.306976354121328347e-04 5.800200003038905321e-05
1.700000000000000000e+04 1.275564897764897877e-04 5.697722579948293905e-05
1.800000000000000000e+04 1.247192419701484770e-04 5.603227054067904680e-05
1.900000000000000000e+04 0.000000000000000000e+00 0.000000000000000000e+00
2.000000000000000000e+04 1.189998836931431466e-04 5.358766512386360604e-05
2.100000000000000000e+04 1.170822080614606671e-04 5.231245852563643552e-05
2.200000000000000000e+04 1.155126517341731546e-04 5.147120104411721521e-05
2.300000000000000000e+04 1.141329374236084893e-04 5.044761321265932080e-05
2.400000000000000000e+04 1.123605873798282632e-04 4.974974513377477853e-05
2.500000000000000000e+04 0.000000000000000000e+00 0.000000000000000000e+00
2.600000000000000000e+04 1.099851715535438027e-04 4.847474152863546880e-05
2.700000000000000000e+04 1.084796724701017146e-04 4.803621405375131247e-05
2.800000000000000000e+04 1.068536182799766565e-04 4.755545657263369862e-05
2.900000000000000000e+04 1.053719612565720803e-04 4.729303470165606828e-05
3.000000000000000000e+04 1.045008270784315862e-04 4.681645386012814390e-05
3.100000000000000000e+04 1.036738993166639797e-04 4.624933343700592201e-05
3.200000000000000000e+04 1.027822327926117588e-04 4.593813340674629542e-05
3.300000000000000000e+04 1.014908231399953121e-04 4.558369617234831221e-05
3.400000000000000000e+04 9.994112671706846269e-05 4.461820349104729413e-05
3.500000000000000000e+04 0.000000000000000000e+00 0.000000000000000000e+00
3.600000000000000000e+04 9.770013585060701193e-05 4.358867889029806688e-05
3.700000000000000000e+04 9.666944337565841830e-05 4.286616266045730731e-05
3.800000000000000000e+04 9.588509335093656704e-05 4.247571590618669755e-05
3.900000000000000000e+04 9.457564657371802293e-05 4.203086495511309015e-05
4.000000000000000000e+04 9.374455878204484790e-05 4.164757335428755298e-05
4.100000000000000000e+04 9.276488746194107423e-05 4.079815316727429910e-05
4.200000000000000000e+04 9.190518040171608938e-05 4.023108494853946948e-05
4.300000000000000000e+04 9.124230687666348987e-05 4.001538467395028835e-05
4.400000000000000000e+04 9.055540051600785383e-05 3.985743926898377149e-05
4.500000000000000000e+04 0.000000000000000000e+00 0.000000000000000000e+00
4.600000000000000000e+04 8.951867306381879627e-05 3.955259424738357689e-05
4.700000000000000000e+04 8.903811679974933972e-05 3.939799679266831978e-05
4.800000000000000000e+04 8.849301026654809066e-05 3.918140231219399228e-05
4.900000000000000000e+04 8.754738971490281206e-05 3.903199632328812620e-05
5.000000000000000000e+04 8.712031675940390971e-05 3.868190035896757546e-05
5.100000000000000000e+04 8.671128496787253160e-05 3.838237811419777492e-05
5.200000000000000000e+04 8.637348723783304166e-05 3.821724263859396710e-05
5.300000000000000000e+04 8.609232684532940830e-05 3.808720265705411182e-05
5.400000000000000000e+04 8.579914615733548466e-05 3.796596597333058731e-05
5.500000000000000000e+04 8.555061575343407337e-05 3.783695429932229173e-05
5.600000000000000000e+04 8.520900701684597017e-05 3.771732969255964848e-05
5.700000000000000000e+04 8.425662668836492641e-05 3.759786786752919067e-05
5.800000000000000000e+04 8.337614988481722718e-05 3.746918128425116368e-05
5.900000000000000000e+04 8.287433491248230220e-05 3.731567746401094664e-05
6.000000000000000000e+04 0.000000000000000000e+00 0.000000000000000000e+00
6.100000000000000000e+04 8.206782042652409305e-05 3.683770828829407724e-05
6.200000000000000000e+04 8.182881113483635768e-05 3.669124842278694443e-05
6.300000000000000000e+04 8.157413434816428220e-05 3.648846620902148187e-05
6.400000000000000000e+04 8.088253575799177924e-05 3.632652493346670070e-05
6.500000000000000000e+04 8.043080221220935428e-05 3.617241636133655398e-05
6.600000000000000000e+04 7.986638105210639685e-05 3.604037200011587220e-05
6.700000000000000000e+04 7.929068060493828804e-05 3.584560511919747974e-05
6.800000000000000000e+04 7.822751269921635574e-05 3.566814158158996932e-05
6.900000000000000000e+04 7.781838311113665227e-05 3.539820111535213031e-05
7.000000000000000000e+04 7.761334840975512477e-05 3.510347696102818758e-05
7.100000000000000000e+04 7.744013538367383934e-05 3.498778764411985040e-05
7.200000000000000000e+04 7.726054844956427629e-05 3.483740641421739624e-05
7.300000000000000000e+04 7.706201281099778850e-05 3.447378583746757441e-05
7.400000000000000000e+04 7.685854178069786177e-05 3.432375612186530460e-05
7.500000000000000000e+04 7.671618214814352127e-05 3.419898108437590333e-05
7.600000000000000000e+04 7.656219904582568271e-05 3.406723296404287030e-05
7.700000000000000000e+04 7.643616887495667338e-05 3.376832228219580950e-05
7.800000000000000000e+04 7.633391960379360243e-05 3.358614944274450191e-05
7.900000000000000000e+04 7.621503469674374329e-05 3.333794243316038383e-05
8.000000000000000000e+04 0.000000000000000000e+00 0.000000000000000000e+00
8.100000000000000000e+04 7.590639274068777809e-05 3.254280687571408520e-05
8.200000000000000000e+04 7.573237307950786532e-05 3.216145434107629624e-05
8.300000000000000000e+04 7.560168983626128496e-05 3.179019870051785063e-05
8.400000000000000000e+04 7.547148913054586362e-05 3.165032711755895537e-05
8.500000000000000000e+04 7.536834851275358270e-05 3.154523720082038382e-05
8.600000000000000000e+04 7.520207925244855990e-05 3.143670303768002851e-05
8.700000000000000000e+04 7.446706875631665685e-05 3.119364608158674691e-05
8.800000000000000000e+04 7.417164606840156863e-05 3.098039274336236612e-05
8.900000000000000000e+04 7.396521595778653927e-05 3.086295036118058381e-05
9.000000000000000000e+04 7.381023373294270885e-05 3.074497346058601408e-05
9.100000000000000000e+04 7.368339048355310433e-05 3.052570004546697845e-05
9.200000000000000000e+04 7.346469079682282043e-05 3.017088278870573014e-05
9.300000000000000000e+04 7.338515288263843667e-05 3.005132620573498472e-05
9.400000000000000000e+04 7.331076587911243678e-05 2.996642151634077030e-05
9.500000000000000000e+04 7.322755478174044000e-05 2.989522257802212200e-05
9.600000000000000000e+04 7.313975556743262723e-05 2.982330989706401302e-05
9.700000000000000000e+04 7.305708399246802561e-05 2.974576228261584807e-05
9.800000000000000000e+04 7.297351342989425642e-05 2.966403655810921381e-05
9.900000000000000000e+04 7.289672144328225882e-05 2.956517744635993225e-05
1.000000000000000000e+05 7.282529075212874816e-05 2.922841252447773810e-05
1.010000000000000000e+05 7.274347030333878548e-05 2.901342062302072252e-05
1.020000000000000000e+05 7.265966531997978335e-05 2.889639133043315540e-05
1.030000000000000000e+05 7.257434595157270037e-05 2.880848460901629262e-05
1.040000000000000000e+05 7.250161900692186771e-05 2.873875836906738835e-05
1.050000000000000000e+05 0.000000000000000000e+00 0.000000000000000000e+00
1.060000000000000000e+05 7.237650722220389436e-05 2.860788230051468421e-05
1.070000000000000000e+05 7.232489995508462380e-05 2.854724477482538790e-05
1.080000000000000000e+05 7.228210155309721351e-05 2.848239673000732178e-05
1.090000000000000000e+05 7.223671460815805250e-05 2.840713758531537467e-05
1.100000000000000000e+05 7.218061537698456189e-05 2.829707813492281801e-05
1.110000000000000000e+05 7.213425695433537017e-05 2.802774997663431776e-05
1.120000000000000000e+05 7.210194457818710416e-05 2.751175964661614035e-05
1.130000000000000000e+05 7.206795417820876203e-05 2.740571192047490265e-05
1.140000000000000000e+05 7.203432440358232039e-05 2.729939779606558909e-05
1.150000000000000000e+05 7.200603587831425057e-05 2.699070306670332332e-05
1.160000000000000000e+05 7.197355794892731830e-05 2.681336195384927351e-05
1.170000000000000000e+05 7.193110867870584544e-05 2.670875908540500256e-05
1.180000000000000000e+05 7.190205646741050385e-05 2.662444271242451463e-05
1.190000000000000000e+05 7.186200486727082259e-05 2.654968015962664495e-05
1.200000000000000000e+05 7.181695877231232083e-05 2.647637427027258234e-05
1.210000000000000000e+05 7.174949882581162361e-05 2.640724787094206029e-05
1.220000000000000000e+05 7.165306310405518430e-05 2.633847614975460820e-05
1.230000000000000000e+05 7.157879278598041630e-05 2.627364862919808586e-05
1.240000000000000000e+05 7.154516465582252580e-05 2.621416349574889817e-05
1.250000000000000000e+05 7.152381579478048310e-05 2.615600240696331914e-05
1.260000000000000000e+05 7.150226807438650857e-05 2.609167406796604070e-05
1.270000000000000000e+05 7.147814287168831196e-05 2.599501438561754898e-05
1.280000000000000000e+05 7.145740085770535023e-05 2.591894193143187149e-05
1.290000000000000000e+05 7.144615846330220634e-05 2.585110609823556454e-05
1.300000000000000000e+05 7.142190141646904847e-05 2.568714359962300328e-05
1.310000000000000000e+05 7.138948203907159924e-05 2.549995735737805962e-05
1.320000000000000000e+05 7.131781639011003685e-05 2.541874293350555758e-05
1.330000000000000000e+05 7.098361146517819496e-05 2.535750778418248750e-05
1.340000000000000000e+05 7.094279180174041153e-05 2.530611932403319952e-05
1.350000000000000000e+05 7.089923345320887210e-05 2.526236619368565477e-05
1.360000000000000000e+05 7.085991789093379974e-05 2.522043885853583484e-05
1.370000000000000000e+05 7.080453458807326665e-05 2.518032863852454552e-05
1.380000000000000000e+05 7.076018234818812398e-05 2.513981308191495881e-05
1.390000000000000000e+05 7.072417696191629416e-05 2.510217219215052020e-05
1.400000000000000000e+05 0.000000000000000000e+00 0.000000000000000000e+00
1.410000000000000000e+05 7.059144812179932735e-05 2.502669545501634663e-05
1.420000000000000000e+05 7.054419232001202841e-05 2.499653582525997148e-05
1.430000000000000000e+05 7.050868917052831308e-05 2.497305769638742830e-05
1.440000000000000000e+05 7.046834122279499110e-05 2.495126931168563551e-05
1.450000000000000000e+05 7.042844751507299677e-05 2.492930562943122225e-05
1.460000000000000000e+05 7.037490865785973057e-05 2.490512613326365725e-05
1.470000000000000000e+05 7.029281245563289175e-05 2.487834887530999357e-05
1.480000000000000000e+05 6.986711365398125977e-05 2.484450000229439785e-05
1.490000000000000000e+05 6.971098635164464272e-05 2.473652346870432509e-05
1.500000000000000000e+05 6.961075280299328831e-05 2.467613601879214177e-05
1.510000000000000000e+05 6.952409643688447268e-05 2.465063922272675185e-05
1.520000000000000000e+05 6.946095035277506126e-05 2.462591470413838990e-05
1.530000000000000000e+05 6.939991131731467920e-05 2.459958780398890994e-05
1.540000000000000000e+05 6.934612490059111393e-05 2.457215836347684040e-05
1.550000000000000000e+05 6.929781925889017674e-05 2.454386892339455281e-05
1.560000000000000000e+05 6.926291334851181398e-05 2.451499949203127688e-05
1.570000000000000000e+05 6.921831979967057785e-05 2.448752143564182111e-05
1.580000000000000000e+05 6.915838061413018332e-05 2.445977298730150768e-05
1.590000000000000000e+05 6.908296310078297642e-05 2.441803201704712068e-05
1.600000000000000000e+05 6.898299155370536521e-05 2.438637607622821019e-05
1.610000000000000000e+05 6.895327714617665638e-05 2.432595652345884331e-05
1.620000000000000000e+05 6.894284060033522080e-05 2.394596904843299763e-05
1.630000000000000000e+05 6.892024296225695949e-05 2.373803546195237354e-05
1.640000000000000000e+05 6.889708302333592870e-05 2.369181157597024327e-05
1.650000000000000000e+05 6.885916014952303673e-05 2.365687962968342868e-05
1.660000000000000000e+05 6.882978731798283692e-05 2.362467994490099766e-05
1.670000000000000000e+05 6.875506146183503974e-05 2.357621458673562765e-05
1.680000000000000000e+05 6.861733537120885543e-05 2.354402383864952995e-05
1.690000000000000000e+05 6.857619546559717426e-05 2.351995120749002534e-05
1.700000000000000000e+05 6.855829675194046098e-05 2.349814820366708250e-05
1.710000000000000000e+05 6.854337676179061371e-05 2.347687346489869681e-05
1.720000000000000000e+05 6.852629208690522763e-05 2.345511076098255756e-05
1.730000000000000000e+05 6.849576320339105680e-05 2.343235130464078197e-05
1.740000000000000000e+05 6.844123504197769281e-05 2.341013271096159583e-05
1.750000000000000000e+05 6.842022851374095530e-05 2.338788955612428595e-05
1.760000000000000000e+05 6.838787262101425992e-05 2.336612585286218209e-05
1.770000000000000000e+05 6.834576929150480381e-05 2.334481887312593585e-05
1.780000000000000000e+05 6.830404252783462229e-05 2.332444744252096399e-05
1.790000000000000000e+05 6.829139147322105491e-05 2.330380835227392218e-05
1.800000000000000000e+05 0.000000000000000000e+00 0.000000000000000000e+00
1.810000000000000000e+05 6.827598167048533090e-05 2.325935788368251652e-05
1.820000000000000000e+05 6.826625031437042758e-05 2.323755301379218735e-05
1.830000000000000000e+05 6.825674343432509264e-05 2.321583194301907017e-05
1.840000000000000000e+05 6.824034910970063145e-05 2.319284995873091771e-05
1.850000000000000000e+05 6.813568681382309669e-05 2.316459936178476905e-05
1.860000000000000000e+05 6.776986327855326472e-05 2.312705246325288261e-05
1.870000000000000000e+05 6.769382270023057628e-05 2.306743522072104936e-05
1.880000000000000000e+05 6.768238500715408089e-05 2.304117568499273620e-05
1.890000000000000000e+05 6.767358376753446214e-05 2.302173805572409272e-05
1.900000000000000000e+05 6.766209774763174269e-05 2.300532886307336404e-05
1.910000000000000000e+05 6.764116996448957015e-05 2.299133727171562573e-05
1.920000000000000000e+05 6.762010098059428138e-05 2.298003834901870364e-05
1.930000000000000000e+05 6.760628465320763772e-05 2.297028048671847860e-05
1.940000000000000000e+05 6.759038717709222113e-05 2.296224976322460299e-05
1.950000000000000000e+05 6.757490543108885612e-05 2.295520445028557195e-05
1.960000000000000000e+05 6.755457296561510894e-05 2.294854783221543482e-05
1.970000000000000000e+05 6.752433955487969629e-05 2.294207116429593056e-05
1.980000000000000000e+05 6.748831516085984064e-05 2.293567771701333739e-05
1.990000000000000000e+05 6.745729026495416380e-05 2.292900628296093421e-05
2.000000000000000000e+05 6.743218011765633214e-05 2.292205932731367307e-05
2.010000000000000000e+05 6.740787130669867976e-05 2.291500415836205664e-05
2.020000000000000000e+05 6.738689503042182851e-05 2.290795965904148871e-05
2.030000000000000000e+05 6.735972273199162088e-05 2.290099409820875060e-05
2.040000000000000000e+05 6.734211582316607407e-05 2.289417557057491875e-05
2.050000000000000000e+05 6.732896346553371653e-05 2.288767105818746543e-05
2.060000000000000000e+05 6.730867308705425938e-05 2.288146063538600884e-05
2.070000000000000000e+05 6.728386068428297145e-05 2.287530309407551020e-05
2.080000000000000000e+05 6.722297537598012564e-05 2.286916928298065631e-05
2.090000000000000000e+05 6.708314325915365277e-05 2.286274564624906269e-05
2.100000000000000000e+05 6.694989709861197478e-05 2.285565763601296176e-05
2.110000000000000000e+05 6.692502030811547345e-05 2.284826713723028704e-05
2.120000000000000000e+05 6.691171202792995385e-05 2.284121572554572398e-05
2.130000000000000000e+05 6.690232990991304537e-05 2.283508392266695632e-05
2.140000000000000000e+05 6.689656561047331140e-05 2.282984781292504611e-05
2.150000000000000000e+05 6.688874236941794670e-05 2.282538108565336895e-05
2.160000000000000000e+05 6.687591501975137401e-05 2.282168453390100258e-05
2.170000000000000000e+05 6.687660165569816431e-05 2.281835382050590791e-05
2.180000000000000000e+05 6.687259121621696686e-05 2.281513646029497246e-05
2.190000000000000000e+05 6.687030659455325474e-05 2.281186426630912281e-05
2.200000000000000000e+05 6.685346793402612703e-05 2.280866544446594801e-05
2.210000000000000000e+05 6.682855118568482638e-05 2.280563491655021550e-05
2.220000000000000000e+05 6.680270219808245153e-05 2.280264181783220095e-05
2.230000000000000000e+05 6.677870298651027495e-05 2.279947026656447919e-05
2.240000000000000000e+05 6.677550040113040038e-05 2.279598483577383584e-05
2.250000000000000000e+05 6.676952738871835998e-05 2.279211753145226395e-05
2.260000000000000000e+05 6.675694369614172089e-05 2.278790576722071161e-05
2.270000000000000000e+05 6.674244720504826720e-05 2.278355696392641742e-05
2.280000000000000000e+05 6.672398611650223483e-05 2.277911875155596880e-05
2.290000000000000000e+05 6.669835085282009471e-05 2.277440085600545547e-05
2.300000000000000000e+05 6.666412360791039004e-05 2.276959247580711524e-05
2.310000000000000000e+05 6.661321296087196694e-05 2.276512289058722229e-05
2.320000000000000000e+05 6.656974406014538469e-05 2.276020825632333163e-05
2.330000000000000000e+05 6.650731177035103703e-05 2.275440043142152400e-05
2.340000000000000000e+05 6.618481943773972444e-05 2.274774496052662024e-05
2.350000000000000000e+05 6.568393064547533016e-05 2.274046883616419928e-05
2.360000000000000000e+05 6.550427433041220229e-05 2.273313671756201586e-05
2.370000000000000000e+05 6.539558282654430300e-05 2.272604822198077615e-05
2.380000000000000000e+05 6.531959194076741491e-05 2.271891367368012195e-05
2.390000000000000000e+05 6.526012090469921140e-05 2.271089247918474385e-05
2.400000000000000000e+05 6.520913423401738021e-05 2.269999247462900068e-05
2.410000000000000000e+05 6.516525600582359949e-05 2.268129911420369360e-05
2.420000000000000000e+05 6.512213062876728820e-05 2.259448617124503749e-05
2.430000000000000000e+05 6.508923185528910440e-05 2.257416601645959687e-05
2.440000000000000000e+05 6.505444748654817322e-05 2.256896653159819676e-05
2.450000000000000000e+05 6.502330626620829402e-05 2.256279944291270562e-05
2.460000000000000000e+05 6.500198909565517522e-05 2.255671445799121806e-05
2.470000000000000000e+05 6.497805957721966346e-05 2.254881431131981924e-05
2.480000000000000000e+05 6.495886969955069529e-05 2.254054835262083923e-05
2.490000000000000000e+05 6.494409357594481077e-05 2.253383549183867975e-05
2.500000000000000000e+05 0.000000000000000000e+00 0.000000000000000000e+00
2.510000000000000000e+05 6.491441831806923934e-05 2.252299040813150960e-05
2.520000000000000000e+05 6.489623271629504290e-05 2.251449824650940388e-05
2.530000000000000000e+05 6.488068761946286331e-05 2.250384606610396782e-05
2.540000000000000000e+05 6.486900712913378213e-05 2.249179214878666857e-05
2.550000000000000000e+05 6.486033107212992868e-05 2.247262355121601646e-05
2.560000000000000000e+05 6.485437045687162641e-05 2.242728010871988380e-05
2.570000000000000000e+05 6.484642882579073615e-05 2.240833021022487235e-05
2.580000000000000000e+05 6.483885090761565414e-05 2.239717605765459925e-05
2.590000000000000000e+05 6.483271986424187048e-05 2.238924924895061979e-05
2.600000000000000000e+05 6.482742822250620940e-05 2.238218875940116599e-05
2.610000000000000000e+05 6.482346375302018354e-05 2.237438615442055608e-05
2.620000000000000000e+05 6.481935601728866525e-05 2.236647067902357050e-05
2.630000000000000000e+05 6.481475249966759202e-05 2.235917412415703217e-05
2.640000000000000000e+05 6.481012652425618492e-05 2.235268206261957139e-05
2.650000000000000000e+05 6.480597170764211198e-05 2.234680160214189555e-05
2.660000000000000000e+05 6.480225838580443197e-05 2.234133514938697060e-05
2.670000000000000000e+05 6.479745633173637841e-05 2.233615410047256694e-05
2.680000000000000000e+05 6.479374042584661259e-05 2.233058081392120411e-05
2.690000000000000000e+05 6.479054829851430615e-05 2.232460686528203096e-05
2.700000000000000000e+05 6.478791410429674750e-05 2.231898321944908702e-05
2.710000000000000000e+05 6.478523660113734753e-05 2.231382067884634724e-05
2.720000000000000000e+05 6.477644105477521261e-05 2.230913494960173139e-05
2.730000000000000000e+05 6.476693834951910834e-05 2.230511965044323035e-05
2.740000000000000000e+05 6.476038154029754867e-05 2.230205686300003749e-05
2.750000000000000000e+05 6.475156441903595400e-05 2.229951715824087107e-05
2.760000000000000000e+05 6.473791383635547816e-05 2.229737092041181019e-05
2.770000000000000000e+05 6.471918649685653373e-05 2.229540310824610952e-05
2.780000000000000000e+05 6.469173792841658149e-05 2.229357762110642071e-05
2.790000000000000000e+05 6.467164107768104409e-05 2.229220318482341375e-05
2.800000000000000000e+05 6.466724084823673613e-05 2.229092789971352529e-05
2.810000000000000000e+05 6.466388002934800566e-05 2.228902924306153086e-05
2.820000000000000000e+05 6.466080447216356151e-05 2.228640974865657757e-05
2.830000000000000000e+05 6.465896792047303668e-05 2.228311969626126099e-05
2.840000000000000000e+05 6.465442217634350709e-05 2.227938862330423688e-05
2.850000000000000000e+05 6.465118183800647286e-05 2.227545352060141665e-05
2.860000000000000000e+05 6.465071080445531986e-05 2.227131921268046935e-05
2.870000000000000000e+05 6.464686027191677653e-05 2.226722056236049877e-05
2.880000000000000000e+05 6.464426558665435315e-05 2.226337791946459609e-05
2.890000000000000000e+05 6.464174583805683532e-05 2.225969584039415305e-05
2.900000000000000000e+05 6.463735186193594797e-05 2.225599330127947108e-05
2.910000000000000000e+05 6.463318914843185108e-05 2.225212439332290910e-05
2.920000000000000000e+05 6.463076777908802423e-05 2.224786415343949907e-05
2.930000000000000000e+05 6.462648660127454743e-05 2.224347244962060415e-05
2.940000000000000000e+05 6.462448713010380207e-05 2.223964142785206781e-05
2.950000000000000000e+05 6.462142007336575775e-05 2.223644509236741401e-05
2.960000000000000000e+05 6.462038869012984754e-05 2.223363588145124925e-05
2.970000000000000000e+05 6.461995252397729507e-05 2.223090332081405988e-05
2.980000000000000000e+05 6.461538089295453696e-05 2.222809820980213894e-05
2.990000000000000000e+05 6.461237036125292094e-05 2.222508951880525593e-05
3.000000000000000000e+05 6.461073528475432697e-05 2.222175942531746804e-05
3.010000000000000000e+05 6.461068793985169753e-05 2.221801943833724799e-05
3.020000000000000000e+05 6.460581035903198888e-05 2.221409739167601023e-05
3.030000000000000000e+05 6.459718472647430236e-05 2.221021728535132163e-05
3.040000000000000000e+05 6.459849972489727999e-05 2.220636278925913461e-05
3.050000000000000000e+05 6.459559633517842269e-05 2.220245397216409901e-05
3.060000000000000000e+05 6.458462281748054892e-05 2.219833317740396706e-05
3.070000000000000000e+05 6.458044468965023739e-05 2.219395980541218001e-05
3.080000000000000000e+05 6.456733027337996811e-05 2.218933829876550359e-05
3.090000000000000000e+05 6.455115139113865161e-05 2.218439685825268092e-05
3.100000000000000000e+05 6.453933436016708980e-05 2.217926312730517089e-05
3.110000000000000000e+05 6.452509643943782564e-05 2.217410877637355390e-05
3.120000000000000000e+05 6.450796656893110559e-05 2.216893901570258526e-05
3.130000000000000000e+05 6.449433455368290297e-05 2.216363284147195562e-05
3.140000000000000000e+05 6.446630414502110113e-05 2.215804487924190428e-05
3.150000000000000000e+05 6.443874185432568649e-05 2.214961639573140696e-05
3.160000000000000000e+05 6.440005565006132107e-05 2.214520353319133391e-05
3.170000000000000000e+05 6.439012995871658393e-05 2.214308327058218977e-05
3.180000000000000000e+05 6.438337507838921554e-05 2.214156634981271341e-05
3.190000000000000000e+05 6.437777164699476601e-05 2.214039696186703490e-05
3.200000000000000000e+05 0.000000000000000000e+00 0.000000000000000000e+00
3.210000000000000000e+05 6.437174532219339172e-05 2.213906085715359177e-05
3.220000000000000000e+05 6.436677503155222805e-05 2.213478221430844397e-05
3.230000000000000000e+05 6.436426658712197501e-05 2.213112933598550670e-05
3.240000000000000000e+05 6.435998487464390046e-05 2.212516567499207224e-05
3.250000000000000000e+05 6.433774562645671333e-05 2.211769244546440659e-05
3.260000000000000000e+05 6.433114924815152116e-05 2.211057252752855669e-05
3.270000000000000000e+05 6.432214180180564759e-05 2.210371670306975056e-05
3.280000000000000000e+05 6.430464763927033712e-05 2.209537017206229169e-05
3.290000000000000000e+05 6.423974448048106693e-05 2.208295785232360401e-05
3.300000000000000000e+05 6.419707878801498018e-05 2.206307807466880919e-05
3.310000000000000000e+05 6.418913638626516085e-05 2.205038806534119424e-05
3.320000000000000000e+05 6.418061323689205129e-05 2.204015259101619017e-05
3.330000000000000000e+05 6.417741533419930324e-05 2.203114763508135494e-05
3.340000000000000000e+05 6.417724931452348605e-05 2.202261712589035448e-05
3.350000000000000000e+05 6.417511706792748336e-05 2.201458861315927796e-05
3.360000000000000000e+05 6.417189377725094647e-05 2.200676148092645665e-05
3.370000000000000000e+05 6.415577927375236389e-05 2.199838015233374045e-05
3.380000000000000000e+05 6.415197987410376206e-05 2.198960805543668574e-05
3.390000000000000000e+05 6.414880510105394965e-05 2.198152630294461735e-05
3.400000000000000000e+05 6.414239952669582184e-05 2.197400102383641795e-05
3.410000000000000000e+05 6.413409089159536323e-05 2.196621994939028410e-05
3.420000000000000000e+05 6.412116652707819690e-05 2.195772403913435924e-05
3.430000000000000000e+05 6.411464788152439274e-05 2.194736492801228957e-05
3.440000000000000000e+05 6.411121048757048514e-05 2.193368341509915816e-05
3.450000000000000000e+05 6.410693612501852537e-05 2.191489684867857125e-05
3.460000000000000000e+05 6.410278304540425152e-05 2.188762759644271281e-05
3.470000000000000000e+05 6.409968078159743372e-05 2.182973831500323794e-05
3.480000000000000000e+05 6.409737160641324990e-05 2.149236644606793107e-05
3.490000000000000000e+05 6.409545893985218806e-05 2.136722505480351557e-05
3.500000000000000000e+05 6.409131138864959990e-05 2.130849333458473136e-05
3.510000000000000000e+05 6.408563155157645074e-05 2.128006966666740654e-05
3.520000000000000000e+05 6.408116727895007611e-05 2.126347282567013668e-05
3.530000000000000000e+05 6.408058010497354835e-05 2.124654921645227452e-05
3.540000000000000000e+05 6.408371253538859124e-05 2.123173784625032937e-05
3.550000000000000000e+05 6.408337613845588841e-05 2.121812682804643656e-05
3.560000000000000000e+05 6.408898149093403209e-05 2.120641901920586840e-05
3.570000000000000000e+05 6.408488755342369217e-05 2.119675666933856363e-05
3.580000000000000000e+05 6.408145592040553971e-05 2.118667793774333394e-05
3.590000000000000000e+05 6.408091160298051724e-05 2.117557593890453200e-05
3.600000000000000000e+05 6.408254458826544793e-05 2.116567213267601846e-05
3.610000000000000000e+05 6.408297552781570057e-05 2.115755912123138731e-05
3.620000000000000000e+05 6.408337508418703358e-05 2.115074287201374340e-05
3.630000000000000000e+05 6.408341433384635594e-05 2.114535741388851259e-05
3.640000000000000000e+05 6.408444950107025455e-05 2.114124999840316356e-05
3.650000000000000000e+05 6.408382079177549185e-05 2.113631949062726490e-05
3.660000000000000000e+05 6.408327621330520141e-05 2.112995808484449282e-05
3.670000000000000000e+05 6.408321033297333124e-05 2.111903397941371997e-05
3.680000000000000000e+05 6.408439890905176495e-05 2.110487905132161552e-05
3.690000000000000000e+05 6.408752344779296186e-05 2.110207968372425810e-05
3.700000000000000000e+05 6.408776442644783925e-05 2.109940562439588713e-05
3.710000000000000000e+05 6.408456143296045694e-05 2.109434241152210814e-05
3.720000000000000000e+05 6.408178652164339944e-05 2.106174169078036353e-05
3.730000000000000000e+05 6.407867051915325425e-05 2.073585720345894176e-05
3.740000000000000000e+05 6.407602130361739993e-05 2.073083655900822972e-05
3.750000000000000000e+05 6.407640178900346343e-05 2.072688398743416046e-05
3.760000000000000000e+05 6.407437508837193936e-05 2.072674051817481312e-05
3.770000000000000000e+05 6.407385230460214693e-05 2.072825027405940672e-05
3.780000000000000000e+05 6.407170946772679904e-05 2.072801530862823465e-05
3.790000000000000000e+05 6.407087537868322476e-05 2.072816387760729738e-05
3.800000000000000000e+05 6.406973695370030706e-05 2.072852328003231727e-05
3.810000000000000000e+05 6.406887650776754099e-05 2.072887930352150025e-05
3.820000000000000000e+05 6.407004915528170742e-05 2.072975842832505366e-05
3.830000000000000000e+05 6.406890558144842239e-05 2.073101881125569634e-05
3.840000000000000000e+05 6.406684562744398336e-05 2.073218989273854123e-05
3.850000000000000000e+05 6.406466753459681457e-05 2.073132068803545480e-05
3.860000000000000000e+05 6.406286126624172650e-05 2.072466916294237298e-05
3.870000000000000000e+05 6.406089725006976774e-05 2.071913121114879764e-05
3.880000000000000000e+05 6.405651772856120571e-05 2.071391921500945451e-05
3.890000000000000000e+05 6.405031321994764397e-05 2.070869408181752195e-05
3.900000000000000000e+05 6.404686407686382846e-05 2.070146120778003636e-05
3.910000000000000000e+05 6.404089941824291695e-05 2.068688561464708891e-05
3.920000000000000000e+05 6.403733659023435969e-05 2.067403676891166849e-05
3.930000000000000000e+05 6.403353929936359120e-05 2.065997245837580164e-05
3.940000000000000000e+05 6.402847449389456505e-05 2.062907363413301324e-05
3.950000000000000000e+05 6.402325299089080322e-05 2.059647695502868521e-05
3.960000000000000000e+05 6.401426777975351774e-05 2.052236763309468645e-05
3.970000000000000000e+05 6.400395386149638436e-05 2.002693473034827966e-05
3.980000000000000000e+05 6.398757864006261861e-05 1.984339957119703835e-05
3.990000000000000000e+05 6.397891284759744165e-05 1.980169616154440207e-05
4.000000000000000000e+05 6.396874361132192711e-05 1.977148143625344362e-05
4.010000000000000000e+05 6.395772160161461385e-05 1.974668811158860059e-05
4.020000000000000000e+05 6.395757851529964124e-05 1.972596208854596124e-05
4.030000000000000000e+05 6.395519989027442418e-05 1.970865101076241672e-05
4.040000000000000000e+05 6.395047086230999450e-05 1.969390620007445511e-05
4.050000000000000000e+05 6.394691949048669441e-05 1.967905514018045919e-05
4.060000000000000000e+05 6.394433415351288017e-05 1.966392487043286147e-05
4.070000000000000000e+05 6.394142201677759248e-05 1.964895595486094412e-05
4.080000000000000000e+05 6.393849067331614303e-05 1.963461314179550639e-05
4.090000000000000000e+05 6.393649340448269566e-05 1.962119809567444727e-05
4.100000000000000000e+05 6.393445373273820478e-05 1.960881306914459706e-05
4.110000000000000000e+05 6.393184276430236338e-05 1.959744524333154191e-05
4.120000000000000000e+05 6.392854850223969631e-05 1.958683280253309671e-05
4.130000000000000000e+05 6.392706532249293853e-05 1.957669734977739384e-05
4.140000000000000000e+05 6.392386355604896613e-05 1.956699568903161291e-05
4.150000000000000000e+05 6.391868854963979698e-05 1.955764973161122134e-05
4.160000000000000000e+05 6.391812569363715976e-05 1.954854325577592877e-05
4.170000000000000000e+05 6.391560729545761545e-05 1.953975451631768083e-05
4.180000000000000000e+05 6.390756881232816794e-05 1.953149354846914952e-05
4.190000000000000000e+05 6.390028427083660121e-05 1.952390190016079573e-05
4.200000000000000000e+05 6.389108876428604392e-05 1.951681249728340280e-05
4.210000000000000000e+05 6.388243601511105619e-05 1.951000689512400615e-05
4.220000000000000000e+05 6.387757765032898993e-05 1.950346497286278364e-05
4.230000000000000000e+05 6.386292172532329688e-05 1.949719771345187252e-05
4.240000000000000000e+05 6.383992924830639163e-05 1.949120110584854737e-05
4.250000000000000000e+05 6.382147382228172793e-05 1.948535121039859726e-05
4.260000000000000000e+05 6.380440029825712130e-05 1.947927039300896887e-05
4.270000000000000000e+05 6.378477279262151887e-05 1.947303018808812825e-05
4.280000000000000000e+05 6.377814293983340263e-05 1.946688807268000636e-05
4.290000000000000000e+05 6.377000138824651337e-05 1.946098078179050298e-05
4.300000000000000000e+05 0.000000000000000000e+00 0.000000000000000000e+00
4.310000000000000000e+05 6.375990924441753398e-05 1.944858907915496330e-05
4.320000000000000000e+05 6.374265450330998889e-05 1.944253163285846467e-05
4.330000000000000000e+05 6.371884750287255686e-05 1.943684836915668542e-05
4.340000000000000000e+05 6.370241928247749239e-05 1.943110954977143271e-05
4.350000000000000000e+05 6.369737461918198560e-05 1.942464265994310022e-05
4.360000000000000000e+05 6.369267292485109499e-05 1.941697543523192071e-05
4.370000000000000000e+05 6.368810283145171836e-05 1.940796514554206511e-05
4.380000000000000000e+05 6.368518580191021841e-05 1.939734869658812824e-05
4.390000000000000000e+05 6.368331119041105231e-05 1.938489085528003679e-05
4.400000000000000000e+05 6.368077840005494344e-05 1.937107322481359059e-05
4.410000000000000000e+05 6.367888615382510616e-05 1.935525026380935067e-05
4.420000000000000000e+05 6.367828199320174805e-05 1.933490695946545106e-05
4.430000000000000000e+05 6.367901879434127114e-05 1.930573560444463858e-05
4.440000000000000000e+05 6.367878331465146014e-05 1.925330679153578956e-05
4.450000000000000000e+05 6.367949528930232648e-05 1.894337682800828905e-05
4.460000000000000000e+05 6.367857202651672612e-05 1.881126610215995355e-05
4.470000000000000000e+05 6.367806185579383889e-05 1.877763079813235623e-05
4.480000000000000000e+05 6.367726246402086111e-05 1.876048498303692857e-05
4.490000000000000000e+05 6.367588714799513722e-05 1.874554530824806457e-05
4.500000000000000000e+05 6.367481259628195709e-05 1.873332698204306369e-05
4.510000000000000000e+05 6.367464854315749200e-05 1.872126187254835429e-05
4.520000000000000000e+05 6.367481363522858222e-05 1.870916736966185805e-05
4.530000000000000000e+05 6.367539882994006440e-05 1.869700192104855655e-05
4.540000000000000000e+05 6.367638612644706459e-05 1.868521962239352185e-05
4.550000000000000000e+05 6.367699905042041304e-05 1.867395495427552301e-05
4.560000000000000000e+05 6.367921569449961272e-05 1.866266180835285233e-05
4.570000000000000000e+05 6.368140614934521000e-05 1.865073620370991879e-05
4.580000000000000000e+05 6.368175684220059416e-05 1.863908814629538661e-05
4.590000000000000000e+05 6.368652125288865745e-05 1.862868428538714795e-05
4.600000000000000000e+05 6.368331397804256032e-05 1.861904102230248383e-05
4.610000000000000000e+05 6.367598830986741904e-05 1.860949035036903724e-05
4.620000000000000000e+05 6.367135153577013252e-05 1.859908197918808907e-05
4.630000000000000000e+05 6.366768620108344853e-05 1.858814366550269739e-05
4.640000000000000000e+05 6.365985583109637510e-05 1.857606450677524320e-05
4.650000000000000000e+05 6.365338399613527226e-05 1.856307510477272411e-05
4.660000000000000000e+05 6.364429364524444815e-05 1.854965190744794042e-05
4.670000000000000000e+05 6.363130040539161699e-05 1.853620047820145653e-05
4.680000000000000000e+05 6.360860420949362689e-05 1.852312739824279206e-05
4.690000000000000000e+05 6.359081629259350291e-05 1.851030596774498642e-05
4.700000000000000000e+05 6.358362359204900143e-05 1.849790091670282463e-05
4.710000000000000000e+05 6.357983566365505053e-05 1.848608994104623758e-05
4.720000000000000000e+05 6.357789550352093734e-05 1.847512065870214766e-05
4.730000000000000000e+05 6.357561362058533345e-05 1.846516170891496949e-05
4.740000000000000000e+05 6.357455157424890589e-05 1.845574796350939862e-05
4.750000000000000000e+05 6.357459047651184089e-05 1.844586742045800241e-05
4.760000000000000000e+05 6.357624590005155768e-05 1.843547754969999535e-05
4.770000000000000000e+05 6.357526535367708778e-05 1.842600533772729938e-05
4.780000000000000000e+05 6.357580613676622747e-05 1.841838089785345872e-05
4.790000000000000000e+05 6.357497172081146627e-05 1.841214348480148635e-05
4.800000000000000000e+05 6.357351909367902070e-05 1.840648464342499387e-05
4.810000000000000000e+05 6.357449483613547146e-05 1.840138200865318741e-05
4.820000000000000000e+05 6.357476090948307079e-05 1.839642548413747712e-05
4.830000000000000000e+05 6.357593941065146849e-05 1.839108415144581862e-05
4.840000000000000000e+05 6.357614706081268091e-05 1.838524834562810044e-05
4.850000000000000000e+05 6.357550602088656987e-05 1.837947512681002157e-05
4.860000000000000000e+05 6.357589510043722505e-05 1.837372391919716555e-05
4.870000000000000000e+05 6.357697154612426097e-05 1.836793149099284503e-05
4.880000000000000000e+05 6.357849027167053111e-05 1.836237870299868634e-05
4.890000000000000000e+05 6.357916143585766509e-05 1.835767849043311518e-05
4.900000000000000000e+05 6.357852899309320580e-05 1.835426577283255515e-05
4.910000000000000000e+05 6.357795404899374190e-05 1.835018683326628436e-05
4.920000000000000000e+05 6.357799716106847022e-05 1.834511213296025360e-05
4.930000000000000000e+05 6.357854960635096991e-05 1.833989971761158582e-05
4.940000000000000000e+05 6.358027345084799531e-05 1.833457121837096503e-05
4.950000000000000000e+05 6.358062807730434233e-05 1.832916770489780700e-05
4.960000000000000000e+05 6.357887340876583688e-05 1.832362376704810525e-05
4.970000000000000000e+05 6.357843850316445035e-05 1.831840914345864171e-05
4.980000000000000000e+05 6.357963528891137053e-05 1.831270773902616086e-05
4.990000000000000000e+05 6.358121434971691747e-05 1.830720453263744201e-05
5.000000000000000000e+05 6.358138195610145860e-05 1.830244349294062257e-05
5.010000000000000000e+05 6.358195766675679510e-05 1.829852010467945456e-05
5.020000000000000000e+05 6.358082131870703953e-05 1.829418193030784269e-05
5.030000000000000000e+05 6.358166011764953434e-05 1.828933609478615777e-05
5.040000000000000000e+05 6.358152745497028474e-05 1.828433734239211499e-05
5.050000000000000000e+05 6.357971887916428122e-05 1.827949837554222962e-05
5.060000000000000000e+05 6.357937525577797132e-05 1.827446238752238655e-05
5.070000000000000000e+05 6.357851380456407402e-05 1.826890701814321840e-05
5.080000000000000000e+05 6.357733416219673813e-05 1.826237499252708380e-05
5.090000000000000000e+05 6.357774045079963752e-05 1.825414687276160125e-05
5.100000000000000000e+05 6.357752715988675184e-05 1.824232926160057852e-05
5.110000000000000000e+05 6.357615884631589119e-05 1.821962158401984721e-05
5.120000000000000000e+05 6.357480959888009452e-05 1.805551163686586549e-05
5.130000000000000000e+05 6.357482659845846169e-05 1.799700450067992990e-05
5.140000000000000000e+05 6.357410846079530192e-05 1.799777969934186167e-05
5.150000000000000000e+05 6.357510228527322852e-05 1.799919351213221649e-05
5.160000000000000000e+05 6.357315742500961532e-05 1.800013267497480404e-05
5.170000000000000000e+05 6.357235431183625243e-05 1.800044978637125838e-05
5.180000000000000000e+05 6.357047691043753580e-05 1.800007286113238062e-05
5.190000000000000000e+05 6.356832998044243744e-05 1.799888481707380625e-05
5.200000000000000000e+05 6.356610040324711186e-05 1.799705381658563879e-05
5.210000000000000000e+05 6.356557550439463362e-05 1.799471262939688980e-05
5.220000000000000000e+05 6.356527165304054895e-05 1.799116480062702716e-05
5.230000000000000000e+05 6.356560599394139334e-05 1.798567297081547886e-05
5.240000000000000000e+05 6.356642299294177408e-05 1.797654804094900592e-05
5.250000000000000000e+05 6.356559535300489714e-05 1.793309430855360420e-05
5.260000000000000000e+05 6.356602712922834199e-05 1.792347400663155067e-05
5.270000000000000000e+05 6.356552609580032515e-05 1.792158005995755238e-05
5.280000000000000000e+05 6.356547080582888496e-05 1.792034128806092034e-05
5.290000000000000000e+05 6.356604660997299612e-05 1.791907441345748115e-05
5.300000000000000000e+05 6.356478766037131013e-05 1.791808756664737417e-05
5.310000000000000000e+05 6.356389931882870398e-05 1.791752915414784501e-05
5.320000000000000000e+05 6.356399622249295537e-05 1.791668192769138059e-05
5.330000000000000000e+05 6.356324803711321564e-05 1.791528156660459313e-05
5.340000000000000000e+05 6.356156500769015352e-05 1.791241446388971607e-05
5.350000000000000000e+05 6.356120341928881573e-05 1.790751768990132963e-05
5.360000000000000000e+05 6.356185432218531184e-05 1.790187290717758781e-05
5.370000000000000000e+05 6.356233185165495979e-05 1.789680276535215742e-05
5.380000000000000000e+05 6.356231175601602108e-05 1.789251509937570743e-05
5.390000000000000000e+05 6.356213898568884219e-05 1.788894578030668055e-05
5.400000000000000000e+05 6.356191856633999922e-05 1.788605289063047854e-05
5.410000000000000000e+05 6.356171041829494816e-05 1.788290990696507764e-05
5.420000000000000000e+05 6.356181393030811808e-05 1.787881048767392340e-05
5.430000000000000000e+05 6.356177895768990577e-05 1.787393087393349781e-05
5.440000000000000000e+05 6.356179065043662509e-05 1.786858408982601096e-05
5.450000000000000000e+05 6.356292753054393297e-05 1.786235700189594703e-05
5.460000000000000000e+05 6.356558833527587501e-05 1.785574046179578842e-05
5.470000000000000000e+05 6.356559480907482960e-05 1.784847680579002330e-05
5.480000000000000000e+05 6.356588845005402386e-05 1.784099016163499788e-05
5.490000000000000000e+05 6.356559758434414246e-05 1.783228484956835903e-05
5.500000000000000000e+05 6.356391080319859623e-05 1.781764916607733425e-05
5.510000000000000000e+05 6.356257472446540525e-05 1.777569126490247844e-05
5.520000000000000000e+05 6.356357141349682914e-05 1.775437086528608907e-05
5.530000000000000000e+05 6.356236072123811615e-05 1.774398104377707461e-05
5.540000000000000000e+05 6.356227138861795752e-05 1.773580402704249054e-05
5.550000000000000000e+05 6.356149653212537620e-05 1.772756721918319808e-05
5.560000000000000000e+05 6.355905506480138446e-05 1.771120090602539790e-05
5.570000000000000000e+05 6.355645331648661540e-05 1.770185872252336541e-05
5.580000000000000000e+05 6.355969120762799171e-05 1.769745721272067995e-05
5.590000000000000000e+05 6.356133527132279968e-05 1.769535646148642598e-05
5.600000000000000000e+05 6.356258664677481775e-05 1.769491023676873412e-05
5.610000000000000000e+05 6.356236472502746807e-05 1.769518255775726073e-05
5.620000000000000000e+05 6.356226476084749508e-05 1.769556455248457716e-05
5.630000000000000000e+05 6.356223816656814476e-05 1.769589601159933371e-05
5.640000000000000000e+05 6.356233693754879694e-05 1.769627818077038189e-05
5.650000000000000000e+05 6.356239623215556491e-05 1.769683504783298606e-05
5.660000000000000000e+05 6.356248948065709595e-05 1.769768074954890819e-05
5.670000000000000000e+05 6.356333256760903210e-05 1.769876571219748741e-05
5.680000000000000000e+05 6.356373418195080413e-05 1.769990071155731493e-05
5.690000000000000000e+05 6.356356691115586490e-05 1.770076211845273404e-05
5.700000000000000000e+05 0.000000000000000000e+00 0.000000000000000000e+00
5.710000000000000000e+05 6.356298779782210725e-05 1.770165234143767895e-05
5.720000000000000000e+05 6.356263574922382613e-05 1.770187951860246098e-05
5.730000000000000000e+05 6.356228200162194987e-05 1.770219548768980493e-05
5.740000000000000000e+05 6.356195492916832924e-05 1.770271714740598838e-05
5.750000000000000000e+05 6.356175512864865363e-05 1.770342357190170113e-05
5.760000000000000000e+05 6.356264987997104409e-05 1.770427824114095835e-05
5.770000000000000000e+05 6.356268153149894609e-05 1.770529560301214471e-05
5.780000000000000000e+05 6.356217057982275391e-05 1.770648301663247867e-05
5.790000000000000000e+05 6.356169148197912168e-05 1.770794276915374488e-05
5.800000000000000000e+05 6.356107980780574649e-05 1.770961022852510968e-05
5.810000000000000000e+05 6.356002775234570413e-05 1.771113158125871333e-05
5.820000000000000000e+05 6.355933825532631538e-05 1.771243402639203861e-05
5.830000000000000000e+05 6.355910889975834391e-05 1.771358051689419675e-05
5.840000000000000000e+05 6.355911151092629894e-05 1.771463128994324666e-05
5.850000000000000000e+05 6.356009598866322013e-05 1.771543524281834773e-05
5.860000000000000000e+05 6.356047775835744693e-05 1.771599944097218456e-05
5.870000000000000000e+05 6.355980468471944403e-05 1.771639958213378364e-05
5.880000000000000000e+05 6.355885716130401590e-05 1.771665863133376200e-05
5.890000000000000000e+05 6.355797759008342991e-05 1.771686076558958450e-05
5.900000000000000000e+05 6.355721066861949999e-05 1.771708516546994535e-05
5.910000000000000000e+05 6.355707549945633836e-05 1.771737413191964511e-05
5.920000000000000000e+05 6.355667435817823898e-05 1.771764658559706198e-05
5.930000000000000000e+05 6.355642537274736037e-05 1.771778854089736655e-05
5.940000000000000000e+05 6.355689694998210111e-05 1.771780339048158209e-05
5.950000000000000000e+05 6.355870536510584612e-05 1.771787217176385026e-05
5.960000000000000000e+05 6.355896674069696584e-05 1.771820220375303144e-05
5.970000000000000000e+05 6.355833122090723188e-05 1.771892911737708588e-05
5.980000000000000000e+05 6.355750372555264488e-05 1.772011314801124078e-05
5.990000000000000000e+05 6.355628989947046314e-05 1.772145368109848587e-05
6.000000000000000000e+05 6.355542847906871066e-05 1.772276799045101634e-05
6.010000000000000000e+05 6.355492700924514522e-05 1.772408911108674660e-05
6.020000000000000000e+05 6.355426021457408561e-05 1.772548659789990679e-05
6.030000000000000000e+05 6.355378023937574593e-05 1.772681839283191601e-05
6.040000000000000000e+05 6.355450136030183438e-05 1.772811317986330889e-05
6.050000000000000000e+05 6.355464759267228530e-05 1.772967596649303174e-05
6.060000000000000000e+05 6.355334517877584105e-05 1.773150117487438428e-05
6.070000000000000000e+05 6.355137239183664805e-05 1.773334658040118624e-05
6.080000000000000000e+05 6.354982797571710621e-05 1.773505617783105578e-05
6.090000000000000000e+05 6.354827508254423587e-05 1.773654078627724391e-05
6.100000000000000000e+05 6.354693921171963215e-05 1.773777102121268875e-05
6.110000000000000000e+05 6.354581121380454721e-05 1.773881265538341810e-05
6.120000000000000000e+05 6.354483927732237675e-05 1.773982227246585994e-05
6.130000000000000000e+05 6.354398345855593656e-05 1.774106859158023234e-05
6.140000000000000000e+05 6.354321321141855690e-05 1.774245627700613470e-05
6.150000000000000000e+05 6.354251280965382684e-05 1.774387302842828659e-05
6.160000000000000000e+05 6.354187905036736219e-05 1.774538230361677322e-05
6.170000000000000000e+05 6.354136220645929074e-05 1.774719223066590265e-05
6.180000000000000000e+05 6.354158048272049223e-05 1.774940907012116968e-05
6.190000000000000000e+05 6.354215383374968950e-05 1.775178737215203263e-05
6.200000000000000000e+05 6.354094283296850894e-05 1.775404241500404796e-05
6.210000000000000000e+05 6.353974797862635903e-05 1.775594656475028616e-05
6.220000000000000000e+05 6.353868162109395932e-05 1.775732554495723588e-05
6.230000000000000000e+05 6.353771914133422198e-05 1.775816482413446220e-05
6.240000000000000000e+05 6.353682489328155289e-05 1.775857057188831201e-05
6.250000000000000000e+05 6.353596679144050442e-05 1.775865081536454339e-05
6.260000000000000000e+05 6.353485978814598517e-05 1.775847862114594605e-05
6.270000000000000000e+05 6.353349811996166321e-05 1.775812354578365162e-05
6.280000000000000000e+05 6.352860577633857517e-05 1.775763782452794803e-05
6.290000000000000000e+05 6.352585036678503011e-05 1.775704666492061159e-05
6.300000000000000000e+05 6.352234605848310436e-05 1.775639079934034813e-05
6.310000000000000000e+05 6.351717157057668354e-05 1.775570389682621102e-05
6.320000000000000000e+05 6.351372236003731896e-05 1.775497991325443486e-05
6.330000000000000000e+05 6.351244760762102324e-05 1.775419510017821722e-05
6.340000000000000000e+05 6.350978834819459074e-05 1.775338120762229673e-05
6.350000000000000000e+05 6.350830372585238666e-05 1.775266079787557401e-05
6.360000000000000000e+05 6.350166793576252696e-05 1.775216704510741377e-05
6.370000000000000000e+05 6.349107368267013286e-05 1.775197047770830333e-05
6.380000000000000000e+05 6.347259704535883579e-05 1.775177315476892279e-05
6.390000000000000000e+05 6.344550677479462737e-05 1.775123130398682824e-05
6.400000000000000000e+05 6.343304070570107180e-05 1.775030199860584535e-05
6.410000000000000000e+05 6.341320756403842347e-05 1.774909967285571218e-05
6.420000000000000000e+05 6.326469440107701351e-05 1.774768671930648207e-05
6.430000000000000000e+05 6.320628528819971167e-05 1.774607409659522897e-05
6.440000000000000000e+05 6.320011824435554167e-05 1.774424133903104673e-05
6.450000000000000000e+05 6.319899479964553261e-05 1.774204276660822137e-05
6.460000000000000000e+05 6.319909446032107806e-05 1.773941852885764565e-05
6.470000000000000000e+05 6.319979590314750840e-05 1.773662204386206541e-05
6.480000000000000000e+05 6.320238093128748577e-05 1.773390000449564065e-05
6.490000000000000000e+05 6.320188875238064337e-05 1.773154832010895250e-05
6.500000000000000000e+05 6.320416457792439515e-05 1.772999840280818081e-05
6.510000000000000000e+05 6.320182080776505203e-05 1.772900616234500342e-05
6.520000000000000000e+05 6.320151247875667672e-05 1.772824053039475230e-05
6.530000000000000000e+05 6.320195901365872155e-05 1.772756679241633377e-05
6.540000000000000000e+05 6.320256681716755211e-05 1.772697552254206868e-05
6.550000000000000000e+05 6.320066967246135560e-05 1.772652818088703384e-05
6.560000000000000000e+05 6.319879958446264663e-05 1.772638494695429658e-05
6.570000000000000000e+05 6.319719793296546680e-05 1.772684540557728906e-05
6.580000000000000000e+05 6.319577036606447199e-05 1.772759629976434191e-05
6.590000000000000000e+05 6.319460112144692238e-05 1.772789479566044683e-05
6.600000000000000000e+05 6.319476807617796835e-05 1.772779203404887933e-05
6.610000000000000000e+05 6.319368214956135477e-05 1.772769350655011789e-05
6.620000000000000000e+05 6.319242297498344895e-05 1.772776612437427618e-05
6.630000000000000000e+05 6.319117293233465630e-05 1.772782775041772699e-05
6.640000000000000000e+05 6.319001224773334148e-05 1.772756408771668322e-05
6.650000000000000000e+05 6.318886867998480233e-05 1.772674244207889820e-05
6.660000000000000000e+05 6.318740442514397132e-05 1.772528407993727826e-05
6.670000000000000000e+05 6.318569661452677687e-05 1.772299159669768069e-05
6.680000000000000000e+05 6.318795501075601302e-05 1.771950734520030655e-05
6.690000000000000000e+05 6.318559673701272137e-05 1.771421872619602980e-05
6.700000000000000000e+05 6.318501193886566654e-05 1.770582291521077077e-05
6.710000000000000000e+05 6.318360281291145295e-05 1.768188825169218930e-05
6.720000000000000000e+05 6.318227123209199506e-05 1.763659356390199384e-05
6.730000000000000000e+05 6.318172902971579065e-05 1.763034601761507547e-05
6.740000000000000000e+05 6.318191201963254842e-05 1.762747710551022942e-05
6.750000000000000000e+05 6.318161237146678469e-05 1.762574954630548372e-05
6.760000000000000000e+05 6.318164287179890302e-05 1.762338241526458595e-05
6.770000000000000000e+05 6.318130070813187435e-05 1.762011491024593788e-05
6.780000000000000000e+05 6.318078164505041725e-05 1.761737981303205641e-05
6.790000000000000000e+05 6.318017195452559835e-05 1.761440217073526304e-05
6.800000000000000000e+05 6.317951467946557678e-05 1.761073411215244462e-05
6.810000000000000000e+05 6.317885414504237113e-05 1.760658604856908958e-05
6.820000000000000000e+05 6.317820581566949037e-05 1.760277313210562987e-05
6.830000000000000000e+05 6.317759169758630812e-05 1.760016239380250095e-05
6.840000000000000000e+05 6.317705349129278396e-05 1.759817759072108989e-05
6.850000000000000000e+05 6.317667715845785327e-05 1.759596270049536813e-05
6.860000000000000000e+05 6.317689306918028674e-05 1.759357157230255191e-05
6.870000000000000000e+05 6.317631035543116666e-05 1.759050703737325818e-05
6.880000000000000000e+05 6.317559260405509211e-05 1.758752857124034491e-05
6.890000000000000000e+05 6.317493499620756205e-05 1.758478580568108716e-05
6.900000000000000000e+05 6.317434504016721615e-05 1.758183927492099746e-05
6.910000000000000000e+05 6.317377997629198161e-05 1.757889820396023455e-05
6.920000000000000000e+05 6.317323389367187269e-05 1.757631264283304216e-05
6.930000000000000000e+05 6.317275152805275882e-05 1.757420814250830650e-05
6.940000000000000000e+05 6.317296691542688696e-05 1.757291747871172791e-05
6.950000000000000000e+05 6.317269123427900093e-05 1.757319559042717485e-05
6.960000000000000000e+05 6.317188931367843908e-05 1.757432863329287225e-05
6.970000000000000000e+05 6.317088962407223739e-05 1.757530801222088581e-05
6.980000000000000000e+05 6.316762467601234714e-05 1.757640766367189229e-05
6.990000000000000000e+05 6.316305829640826014e-05 1.757669961540327808e-05
7.000000000000000000e+05 6.315835721002610592e-05 1.757563119691716558e-05
7.010000000000000000e+05 6.315922398422905526e-05 1.757308827841439687e-05
7.020000000000000000e+05 6.315894314123613742e-05 1.756980490907906610e-05
7.030000000000000000e+05 6.315852288923189356e-05 1.756689563776826275e-05
7.040000000000000000e+05 6.315894868862266217e-05 1.756454838759733908e-05
7.050000000000000000e+05 6.315992079823537194e-05 1.756261138648094425e-05
7.060000000000000000e+05 6.315906843960733042e-05 1.756105988547389582e-05
7.070000000000000000e+05 6.315832097981204595e-05 1.755966236929281925e-05
7.080000000000000000e+05 6.315840818154073977e-05 1.755817253781992503e-05
7.090000000000000000e+05 6.315660675885816674e-05 1.755672588529275720e-05
7.100000000000000000e+05 6.315483353578061189e-05 1.755010177470520637e-05
7.110000000000000000e+05 6.315339707722332561e-05 1.754665824993166480e-05
7.120000000000000000e+05 6.315289743369745885e-05 1.754691532477600731e-05
7.130000000000000000e+05 6.315041787950064595e-05 1.754578981244701031e-05
7.140000000000000000e+05 6.314833224261721988e-05 1.754415938681551013e-05
7.150000000000000000e+05 6.314626198437125776e-05 1.754236307028561023e-05
7.160000000000000000e+05 6.314451760666396846e-05 1.754150598671143653e-05
7.170000000000000000e+05 6.314344128684749218e-05 1.754124942286689904e-05
7.180000000000000000e+05 6.314221462475866592e-05 1.753915038303278763e-05
7.190000000000000000e+05 6.314069676791896459e-05 1.753828652420728431e-05
7.200000000000000000e+05 6.313916969079707848e-05 1.753663584221875742e-05
7.210000000000000000e+05 6.313777561299248092e-05 1.753233497338973210e-05
7.220000000000000000e+05 6.313653357328544917e-05 1.752781586741349797e-05
7.230000000000000000e+05 6.313541260126299503e-05 1.752062457865386668e-05
7.240000000000000000e+05 6.313434274030923317e-05 1.750913226530664905e-05
7.250000000000000000e+05 6.313324231763132652e-05 1.748997095684059246e-05
7.260000000000000000e+05 6.313144191734191538e-05 1.745043997530316293e-05
7.270000000000000000e+05 6.312799341378880528e-05 1.721975948843256900e-05
7.280000000000000000e+05 6.312468208620507703e-05 1.687520696871392309e-05
7.290000000000000000e+05 6.312324309273372608e-05 1.683937367575874457e-05
7.300000000000000000e+05 6.312229737961994882e-05 1.681519109593645586e-05
7.310000000000000000e+05 6.312118772287777754e-05 1.679664168476950852e-05
7.320000000000000000e+05 6.312053272043454310e-05 1.678121610206851873e-05
7.330000000000000000e+05 6.311926847407936991e-05 1.676585468131172940e-05
7.340000000000000000e+05 6.311852467723704234e-05 1.674717729061232682e-05
7.350000000000000000e+05 6.311461390192662775e-05 1.672348911080250754e-05
7.360000000000000000e+05 6.311356065583003392e-05 1.669010992064072968e-05
7.370000000000000000e+05 6.311237087137396397e-05 1.661006450845161172e-05
7.380000000000000000e+05 6.311113819085568987e-05 1.636210399304167994e-05
7.390000000000000000e+05 6.310996763992663598e-05 1.630338277399570981e-05
7.400000000000000000e+05 6.310889504510673500e-05 1.626872457018003999e-05
7.410000000000000000e+05 6.310796988600244771e-05 1.625538494988434281e-05
7.420000000000000000e+05 6.310714202571458451e-05 1.624964114118330924e-05
7.430000000000000000e+05 6.310724841535373482e-05 1.624251571214802933e-05
7.440000000000000000e+05 6.310558347128543324e-05 1.623492063698882466e-05
7.450000000000000000e+05 6.310401767871046249e-05 1.622729042070767742e-05
7.460000000000000000e+05 6.310287079769075712e-05 1.621887722073716409e-05
7.470000000000000000e+05 6.310246724163812778e-05 1.620955910082953755e-05
7.480000000000000000e+05 6.309935496892986036e-05 1.619841618545107506e-05
7.490000000000000000e+05 6.309561123146690750e-05 1.618520011892894385e-05
7.500000000000000000e+05 0.000000000000000000e+00 0.000000000000000000e+00
7.510000000000000000e+05 6.309281349017523133e-05 1.615117622134005289e-05
7.520000000000000000e+05 6.309222800571050171e-05 1.612111462114369586e-05
7.530000000000000000e+05 6.309110169830314948e-05 1.603324572306237468e-05
7.540000000000000000e+05 6.308707923306211530e-05 1.579371558937134410e-05
7.550000000000000000e+05 6.308458196825319142e-05 1.573673052611946851e-05
7.560000000000000000e+05 6.308486048012978444e-05 1.570000159948159668e-05
7.570000000000000000e+05 6.308433708359802139e-05 1.567403300909543263e-05
7.580000000000000000e+05 6.308281763195346548e-05 1.565460585779185253e-05
7.590000000000000000e+05 6.308142138672774525e-05 1.563818319861657040e-05
7.600000000000000000e+05 6.308030466714174746e-05 1.562295615049093324e-05
7.610000000000000000e+05 6.307936583927563194e-05 1.561139176008013939e-05
7.620000000000000000e+05 6.307855579441821472e-05 1.560313994495074176e-05
7.630000000000000000e+05 6.307803241100010734e-05 1.559587124437965575e-05
7.640000000000000000e+05 6.307741854365176923e-05 1.558756044511978151e-05
7.650000000000000000e+05 6.307668467690882765e-05 1.558014752749660383e-05
7.660000000000000000e+05 6.307593486472227149e-05 1.557416495908850684e-05
7.670000000000000000e+05 6.307519756942799602e-05 1.557060613700725333e-05
7.680000000000000000e+05 6.307446358458639480e-05 1.557012979005747042e-05
7.690000000000000000e+05 6.307369814310002302e-05 1.556971042855757840e-05
7.700000000000000000e+05 6.307298337625158544e-05 1.556853163432900822e-05
7.710000000000000000e+05 6.307228300163938419e-05 1.556675561730019527e-05
7.720000000000000000e+05 6.307225387052187626e-05 1.556494389697359813e-05
7.730000000000000000e+05 6.306998988270804459e-05 1.556319449454330055e-05
7.740000000000000000e+05 6.306509894931066609e-05 1.556135247798159184e-05
7.750000000000000000e+05 6.305913567218032539e-05 1.555934018987405778e-05
7.760000000000000000e+05 6.305801734273792794e-05 1.555718750859229192e-05
7.770000000000000000e+05 6.305450297010918885e-05 1.555436877123980943e-05
7.780000000000000000e+05 6.304994990929811043e-05 1.555045461157883883e-05
7.790000000000000000e+05 6.304614114980482218e-05 1.554591902786785999e-05
7.800000000000000000e+05 6.304137177838605301e-05 1.554151259991449303e-05
7.810000000000000000e+05 6.302602333612978419e-05 1.553760988015165739e-05
7.820000000000000000e+05 6.300449191738935885e-05 1.553454589728146400e-05
7.830000000000000000e+05 6.299360350140057135e-05 1.553237489661397281e-05
7.840000000000000000e+05 6.298196731253233251e-05 1.552968801825422264e-05
7.850000000000000000e+05 6.297863365022870173e-05 1.552564404793912688e-05
7.860000000000000000e+05 6.297667784065964780e-05 1.551993059477896545e-05
7.870000000000000000e+05 6.297536794468062309e-05 1.551437673136032828e-05
7.880000000000000000e+05 6.297433935682501382e-05 1.550951915750622696e-05
7.890000000000000000e+05 6.297299834014452786e-05 1.550515595484985897e-05
7.900000000000000000e+05 6.297176554930387156e-05 1.550064046284826697e-05
7.910000000000000000e+05 6.297217673240038127e-05 1.549620980111542714e-05
7.920000000000000000e+05 6.297216110093798889e-05 1.549258990115445753e-05
7.930000000000000000e+05 6.297202293998585467e-05 1.548960593056712161e-05
7.940000000000000000e+05 6.297267231480486798e-05 1.548689868242701217e-05
7.950000000000000000e+05 6.297246554684719972e-05 1.548440863597704871e-05
7.960000000000000000e+05 6.297200344470110073e-05 1.548222189612742043e-05
7.970000000000000000e+05 6.297180227538023457e-05 1.547983914475531888e-05
7.980000000000000000e+05 6.297006915464861644e-05 1.547535884353383657e-05
7.990000000000000000e+05 6.296658742308243256e-05 1.546615982783419225e-05
8.000000000000000000e+05 6.296555135526450860e-05 1.546239585848234840e-05
8.010000000000000000e+05 6.296475620749885738e-05 1.546150930405812846e-05
8.020000000000000000e+05 6.296427933914999862e-05 1.546086129871944995e-05
8.030000000000000000e+05 6.296372300210233358e-05 1.544861680839842966e-05
8.040000000000000000e+05 6.296319896647293614e-05 1.543605450271368521e-05
8.050000000000000000e+05 6.296295186174880238e-05 1.542752180924191675e-05
8.060000000000000000e+05 6.296234173559132018e-05 1.536153546671648306e-05
8.070000000000000000e+05 6.296220919387092332e-05 1.499121975270788852e-05
8.080000000000000000e+05 6.296193471997741297e-05 1.498881603915090635e-05
8.090000000000000000e+05 6.296163314960871965e-05 1.498525591847438492e-05
8.100000000000000000e+05 6.296135104365303142e-05 1.498006814002033810e-05
8.110000000000000000e+05 6.296125632458034476e-05 1.497348033707045960e-05
8.120000000000000000e+05 6.296154918868317304e-05 1.496554675039462638e-05
8.130000000000000000e+05 6.296188056703207431e-05 1.495675201270871383e-05
8.140000000000000000e+05 6.296146544463478829e-05 1.494797487314684977e-05
8.150000000000000000e+05 6.296066775361393916e-05 1.493945177684558902e-05
8.160000000000000000e+05 6.296081169070615123e-05 1.493110531105178629e-05
8.170000000000000000e+05 6.296106939160262136e-05 1.492277400965338823e-05
8.180000000000000000e+05 6.296177830057235589e-05 1.491433433380432428e-05
8.190000000000000000e+05 6.296044347504656876e-05 1.490572513833719089e-05
8.200000000000000000e+05 6.295670355212374389e-05 1.489692544515819899e-05
8.210000000000000000e+05 6.295313932928873937e-05 1.488833194304541682e-05
8.220000000000000000e+05 6.295102124515838406e-05 1.487823414139025707e-05
8.230000000000000000e+05 6.294825744484119630e-05 1.487068799190435076e-05
8.240000000000000000e+05 6.294441188777793919e-05 1.486524574932194985e-05
8.250000000000000000e+05 6.293919463377882213e-05 1.486119564782692618e-05
8.260000000000000000e+05 6.292965253805647371e-05 1.485790496203638226e-05
8.270000000000000000e+05 6.291252811289939633e-05 1.485498408116295329e-05
8.280000000000000000e+05 6.287581165520090512e-05 1.485209000965366394e-05
8.290000000000000000e+05 6.285352917220372588e-05 1.484900234201620021e-05
8.300000000000000000e+05 6.285407104118174494e-05 1.484562369850908289e-05
8.310000000000000000e+05 6.285694500264709414e-05 1.484213458898606182e-05
8.320000000000000000e+05 6.285881056408853282e-05 1.483904053173105920e-05
8.330000000000000000e+05 6.285993669805827258e-05 1.483635553393233372e-05
8.340000000000000000e+05 6.286070152478824319e-05 1.483373437942465091e-05
8.350000000000000000e+05 6.286176276383093151e-05 1.483105349899885498e-05
8.360000000000000000e+05 6.286362208021979941e-05 1.482925004630214671e-05
8.370000000000000000e+05 6.286532471372059498e-05 1.482864256630968650e-05
8.380000000000000000e+05 6.286617987978198588e-05 1.482840372226926154e-05
8.390000000000000000e+05 6.286698741684787549e-05 1.482818073564345775e-05
8.400000000000000000e+05 6.286786772111434187e-05 1.482756520805581283e-05
8.410000000000000000e+05 6.286857168488360441e-05 1.482648775152042168e-05
8.420000000000000000e+05 6.286916587977459450e-05 1.482504586408653021e-05
8.430000000000000000e+05 6.286965665955427133e-05 1.482338942537239157e-05
8.440000000000000000e+05 6.286994409764920359e-05 1.482156262176539542e-05
8.450000000000000000e+05 6.286970963321198542e-05 1.481957649186007293e-05
8.460000000000000000e+05 6.287114539041434975e-05 1.481743606807099637e-05
8.470000000000000000e+05 6.287200130649029306e-05 1.481523070320275866e-05
8.480000000000000000e+05 6.287248828976104559e-05 1.481313090476984789e-05
8.490000000000000000e+05 6.287281514990003040e-05 1.481128718252795252e-05
8.500000000000000000e+05 6.287306902189470530e-05 1.480961954441206481e-05
8.510000000000000000e+05 6.287336811473154708e-05 1.480804474321240847e-05
8.520000000000000000e+05 6.287405630031640011e-05 1.480644537914096046e-05
8.530000000000000000e+05 6.287467416682320518e-05 1.480469578371420246e-05
8.540000000000000000e+05 6.287486987300876966e-05 1.480275145662353150e-05
8.550000000000000000e+05 6.287546641174211086e-05 1.480069968169090235e-05
8.560000000000000000e+05 6.287586763663590111e-05 1.479862913624651019e-05
8.570000000000000000e+05 6.287610485885823555e-05 1.479659756343951828e-05
8.580000000000000000e+05 6.287623772059688205e-05 1.479460959165244104e-05
8.590000000000000000e+05 6.287655765635856268e-05 1.479269348631972035e-05
8.600000000000000000e+05 6.287735489483243568e-05 1.479081241350055491e-05
8.610000000000000000e+05 6.287774915213827456e-05 1.478895373059228171e-05
8.620000000000000000e+05 6.287783690268915942e-05 1.478711275071431573e-05
8.630000000000000000e+05 6.287784038007550704e-05 1.478542978563071415e-05
8.640000000000000000e+05 6.287785928030468065e-05 1.478375043756333145e-05
8.650000000000000000e+05 6.287831383668816734e-05 1.478194463975152884e-05
8.660000000000000000e+05 6.287854190953970628e-05 1.478007690103538238e-05
8.670000000000000000e+05 6.287848603444068439e-05 1.477829244125409255e-05
8.680000000000000000e+05 6.287837385836042429e-05 1.477687113137660389e-05
8.690000000000000000e+05 6.287826235967203616e-05 1.477593536869940763e-05
8.700000000000000000e+05 6.287816523325621227e-05 1.477544964526001753e-05
8.710000000000000000e+05 6.287808200126819233e-05 1.477533018063018702e-05
8.720000000000000000e+05 6.287799967093763744e-05 1.477537879200549318e-05
8.730000000000000000e+05 6.287804970861878928e-05 1.477530333543922527e-05
8.740000000000000000e+05 6.287908388085438932e-05 1.477477499309568656e-05
8.750000000000000000e+05 6.288001578723925375e-05 1.477367703330250566e-05
8.760000000000000000e+05 6.288072747379598658e-05 1.477212155172882476e-05
8.770000000000000000e+05 6.288073279532761339e-05 1.477032925691316260e-05
8.780000000000000000e+05 6.288071656631050047e-05 1.476849227171479898e-05
8.790000000000000000e+05 6.288096375990748590e-05 1.476680126318664693e-05
8.800000000000000000e+05 6.288096827495436448e-05 1.476544056736560441e-05
8.810000000000000000e+05 6.288089107428385268e-05 1.476467330231574275e-05
8.820000000000000000e+05 6.288068430428182636e-05 1.476465605974827845e-05
8.830000000000000000e+05 6.287984770444635758e-05 1.476479407398798396e-05
8.840000000000000000e+05 6.288117413024296319e-05 1.476455426046524359e-05
8.850000000000000000e+05 6.288297027131495168e-05 1.476385958011616604e-05
8.860000000000000000e+05 6.288327090797941345e-05 1.476282317834203819e-05
8.870000000000000000e+05 6.288203575885179734e-05 1.476161174582623319e-05
8.880000000000000000e+05 6.288165848002835344e-05 1.476033700308317570e-05
8.890000000000000000e+05 6.288169586746239026e-05 1.475888403337786674e-05
8.900000000000000000e+05 6.288221525492355773e-05 1.475720886935430352e-05
8.910000000000000000e+05 6.288489749143002703e-05 1.475537832655411259e-05
8.920000000000000000e+05 6.288549016687458321e-05 1.475345981645852540e-05
8.930000000000000000e+05 6.288484146389934897e-05 1.475150905885863620e-05
8.940000000000000000e+05 6.288427770772248948e-05 1.474961913645079448e-05
8.950000000000000000e+05 6.288497320863217495e-05 1.474797055900220537e-05
8.960000000000000000e+05 6.288719434305528946e-05 1.474674914285386803e-05
8.970000000000000000e+05 6.288502432453315629e-05 1.474590064534145533e-05
8.980000000000000000e+05 6.288422480903671865e-05 1.474453324507152370e-05
8.990000000000000000e+05 6.288259060003808490e-05 1.474241075285336507e-05
9.000000000000000000e+05 6.287842959860922600e-05 1.473973476962790204e-05
9.010000000000000000e+05 6.287378646900810197e-05 1.473678536217707322e-05
9.020000000000000000e+05 6.286822553039540665e-05 1.473408726493271844e-05
9.030000000000000000e+05 6.286090425518347212e-05 1.473183980829466806e-05
9.040000000000000000e+05 6.285409295901116700e-05 1.473001100896814057e-05
9.050000000000000000e+05 6.284920334043012698e-05 1.472851273259926788e-05
9.060000000000000000e+05 6.283930961668575030e-05 1.472721385917880758e-05
9.070000000000000000e+05 6.282776200287003678e-05 1.472599064014446576e-05
9.080000000000000000e+05 6.281867028428339333e-05 1.472476022553201637e-05
9.090000000000000000e+05 6.280259306298537157e-05 1.472329045088069065e-05
9.100000000000000000e+05 6.279179346406778121e-05 1.471865067358262770e-05
9.110000000000000000e+05 6.278133238319087044e-05 1.471218868510157436e-05
9.120000000000000000e+05 6.276952908024631102e-05 1.471024603470273931e-05
9.130000000000000000e+05 6.276122463433887158e-05 1.470978578599441474e-05
9.140000000000000000e+05 6.275626368947058854e-05 1.470842999986441549e-05
9.150000000000000000e+05 6.274745261150979560e-05 1.469831586966171762e-05
9.160000000000000000e+05 6.273996899717871711e-05 1.469108999654228274e-05
9.170000000000000000e+05 6.273372345383713099e-05 1.468236003537104977e-05
9.180000000000000000e+05 6.272845397352786400e-05 1.464711391026826950e-05
9.190000000000000000e+05 6.272436462167910003e-05 1.455917226546941206e-05
9.200000000000000000e+05 6.272390362199611966e-05 1.419377106320120941e-05
9.210000000000000000e+05 6.271989810593698450e-05 1.418703647826019608e-05
9.220000000000000000e+05 6.271521096871843183e-05 1.418027182045368297e-05
9.230000000000000000e+05 6.271050147738503632e-05 1.417341536968266436e-05
9.240000000000000000e+05 6.270455830344027776e-05 1.416610667164919140e-05
9.250000000000000000e+05 6.269487757897813484e-05 1.415760275153140911e-05
9.260000000000000000e+05 6.268873259629546976e-05 1.414603407123094374e-05
9.270000000000000000e+05 6.268397905669019477e-05 1.412847396184609635e-05
9.280000000000000000e+05 6.267995803851375601e-05 1.409739814353071321e-05
9.290000000000000000e+05 6.267475755922782214e-05 1.395906032487170825e-05
9.300000000000000000e+05 6.266739183813304108e-05 1.380016599249319331e-05
9.310000000000000000e+05 6.265385065302081285e-05 1.375761062008191337e-05
9.320000000000000000e+05 6.252008483972434807e-05 1.373357114426212582e-05
9.330000000000000000e+05 6.208565007036410174e-05 1.371818513403489593e-05
9.340000000000000000e+05 6.202540925555193616e-05 1.370449405285822464e-05
9.350000000000000000e+05 6.199716205685595427e-05 1.369525297863564262e-05
9.360000000000000000e+05 6.197643111013990068e-05 1.368651708303462118e-05
9.370000000000000000e+05 6.195906213862918362e-05 1.367896077222128252e-05
9.380000000000000000e+05 6.194253461632856712e-05 1.367219518764016691e-05
9.390000000000000000e+05 6.192716433925878647e-05 1.366589677657347016e-05
9.400000000000000000e+05 6.191436005060038140e-05 1.366040488581180267e-05
9.410000000000000000e+05 6.190656046174553549e-05 1.365562325798124293e-05
9.420000000000000000e+05 6.190170875512906524e-05 1.365182237299964938e-05
9.430000000000000000e+05 6.189435167769567303e-05 1.364668320318726912e-05
9.440000000000000000e+05 6.188702100177373747e-05 1.364130488731849179e-05
9.450000000000000000e+05 6.187872992268629157e-05 1.363587792920632373e-05
9.460000000000000000e+05 6.187032834652778502e-05 1.363165981025448001e-05
9.470000000000000000e+05 6.186600538248359618e-05 1.362669967821629940e-05
9.480000000000000000e+05 6.186345741212204131e-05 1.362220771539934716e-05
9.490000000000000000e+05 6.185692243719688324e-05 1.361891327345606915e-05
9.500000000000000000e+05 6.184923563593477925e-05 1.361729920037091203e-05
9.510000000000000000e+05 6.184445829811937049e-05 1.361337141204529765e-05
9.520000000000000000e+05 6.183543632590141460e-05 1.360925624765389724e-05
9.530000000000000000e+05 6.182819238567828892e-05 1.360551052470094186e-05
9.540000000000000000e+05 6.182209839057442049e-05 1.360203228046118123e-05
9.550000000000000000e+05 6.181106349509475628e-05 1.359866873737434062e-05
9.560000000000000000e+05 6.179413559094386647e-05 1.359534186468242259e-05
9.570000000000000000e+05 6.176924093997475634e-05 1.359235329038212224e-05
9.580000000000000000e+05 6.175819123447468103e-05 1.358979756049986668e-05
9.590000000000000000e+05 6.175485014706099003e-05 1.358719865609622581e-05
9.600000000000000000e+05 6.175317899909858700e-05 1.358408319483156010e-05
9.610000000000000000e+05 6.175077801684143231e-05 1.358097470809513897e-05
9.620000000000000000e+05 6.174515576109530519e-05 1.357765798413327268e-05
9.630000000000000000e+05 6.172393540949263984e-05 1.357395351710199698e-05
9.640000000000000000e+05 6.170855329074039874e-05 1.356960256483524907e-05
9.650000000000000000e+05 6.166771981258801138e-05 1.356493333258041718e-05
9.660000000000000000e+05 6.149358261481227246e-05 1.356039187677210312e-05
9.670000000000000000e+05 6.095205929831587293e-05 1.355596642522417909e-05
9.680000000000000000e+05 6.083384796410251145e-05 1.355147800573678687e-05
9.690000000000000000e+05 6.076340692863540827e-05 1.354704604584552789e-05
9.700000000000000000e+05 6.071314052381095736e-05 1.354256065866765843e-05
9.710000000000000000e+05 6.067680074314269086e-05 1.353790879637885047e-05
9.720000000000000000e+05 6.064725849517000911e-05 1.353321588888923839e-05
9.730000000000000000e+05 6.062358102258452903e-05 1.352861881480702696e-05
9.740000000000000000e+05 6.060525580062957286e-05 1.352420967541702448e-05
9.750000000000000000e+05 6.058767297626512253e-05 1.352013354882445749e-05
9.760000000000000000e+05 6.057067641937125056e-05 1.351645098796288532e-05
9.770000000000000000e+05 6.055237981012064974e-05 1.351313445702226871e-05
9.780000000000000000e+05 6.053446416148345282e-05 1.351011508589328351e-05
9.790000000000000000e+05 6.051839849767631660e-05 1.350728672622708081e-05
9.800000000000000000e+05 6.049922520244824708e-05 1.350448938891021661e-05
9.810000000000000000e+05 6.048030960547720494e-05 1.350153584831722723e-05
9.820000000000000000e+05 6.046057456816726888e-05 1.349837403110788292e-05
9.830000000000000000e+05 6.043674778193710879e-05 1.349508201113231316e-05
9.840000000000000000e+05 6.040356640412263022e-05 1.349188201259149488e-05
9.850000000000000000e+05 6.036139827615347853e-05 1.348905540662681917e-05
9.860000000000000000e+05 6.034610546483801556e-05 1.348646112791398803e-05
9.870000000000000000e+05 6.033517041751173767e-05 1.348360311694174207e-05
9.880000000000000000e+05 6.032602083783433154e-05 1.348011437043069777e-05
9.890000000000000000e+05 6.031876836537928481e-05 1.347580498175355267e-05
9.900000000000000000e+05 6.030872036996918063e-05 1.347051250077625832e-05
9.910000000000000000e+05 6.029934615462155447e-05 1.346443393185454501e-05
9.920000000000000000e+05 6.029071712398547268e-05 1.345806685229461371e-05
9.930000000000000000e+05 6.028279747435067826e-05 1.345202038762673457e-05
9.940000000000000000e+05 6.027720989789584334e-05 1.344658814416313888e-05
9.950000000000000000e+05 6.026914568816849440e-05 1.344154785562337604e-05
9.960000000000000000e+05 6.025963559028261465e-05 1.343663328551301711e-05
9.970000000000000000e+05 6.025310745296699603e-05 1.343184295684569236e-05
9.980000000000000000e+05 6.024790378318016591e-05 1.342747531825319532e-05
9.990000000000000000e+05 6.024251409261785158e-05 1.342358243546950658e-05
1.000000000000000000e+06 0.000000000000000000e+00 0.000000000000000000e+00
1.001000000000000000e+06 6.023078023774837691e-05 1.341674101976629847e-05
1.002000000000000000e+06 6.022394055921679700e-05 1.341366321430858910e-05
1.003000000000000000e+06 6.021880315446144022e-05 1.341079191939485246e-05
1.004000000000000000e+06 6.021455282858996337e-05 1.340819364447281298e-05
1.005000000000000000e+06 6.021244293230699438e-05 1.340589895677244817e-05
1.006000000000000000e+06 6.020861142248213282e-05 1.340396377400340931e-05
1.007000000000000000e+06 6.020287428373872541e-05 1.340229185820284268e-05
1.008000000000000000e+06 6.019627947319667802e-05 1.340016944468062459e-05
1.009000000000000000e+06 6.018984570143614974e-05 1.339721537411913042e-05
1.010000000000000000e+06 6.018546407046428110e-05 1.339347227404300871e-05
1.011000000000000000e+06 6.018141272683412597e-05 1.338897347779060052e-05
1.012000000000000000e+06 6.017738546297222020e-05 1.338395153687966537e-05
1.013000000000000000e+06 6.017206749963860206e-05 1.337906961687270339e-05
1.014000000000000000e+06 6.016128186696761439e-05 1.337500868100439811e-05
1.015000000000000000e+06 6.015435072731010308e-05 1.337186041677104246e-05
1.016000000000000000e+06 6.013983904057971857e-05 1.336902586452482335e-05
1.017000000000000000e+06 6.013700487754676841e-05 1.336591525687859390e-05
1.018000000000000000e+06 6.013355124297680397e-05 1.336222794439342762e-05
1.019000000000000000e+06 6.012571397011821342e-05 1.335773442974798545e-05
1.020000000000000000e+06 6.011652398978762713e-05 1.335242287874285005e-05
1.021000000000000000e+06 6.011038603204361692e-05 1.334713096925880041e-05
1.022000000000000000e+06 6.010720418940443800e-05 1.334230268776926033e-05
1.023000000000000000e+06 6.010486054755867372e-05 1.333751573592811666e-05
1.024000000000000000e+06 6.010227257595084598e-05 1.333259366710441380e-05
1.025000000000000000e+06 6.009965931610577506e-05 1.332792043426198234e-05
1.026000000000000000e+06 6.009720719356021878e-05 1.332367724663774874e-05
1.027000000000000000e+06 6.009554405386315838e-05 1.332005055076970746e-05
1.028000000000000000e+06 6.009209537379725898e-05 1.331695706343101476e-05
1.029000000000000000e+06 6.009010551302452840e-05 1.331398343183095082e-05
1.030000000000000000e+06 6.008511055256842033e-05 1.331083948361575131e-05
1.031000000000000000e+06 6.008225050393340447e-05 1.330702687373053394e-05
1.032000000000000000e+06 6.008078745226866845e-05 1.330223607624485042e-05
1.033000000000000000e+06 6.007902877160866317e-05 1.329649815137225854e-05
1.034000000000000000e+06 6.007877509287254440e-05 1.328980353437553006e-05
1.035000000000000000e+06 6.007529239402530248e-05 1.328256178019809766e-05
1.036000000000000000e+06 6.007211070043975813e-05 1.327551632118758096e-05
1.037000000000000000e+06 6.006986936707494224e-05 1.326842402656988250e-05
1.038000000000000000e+06 6.006811549194968449e-05 1.326084601137788796e-05
1.039000000000000000e+06 6.006665800551209451e-05 1.325285010527375718e-05
1.040000000000000000e+06 6.006541900579485856e-05 1.324388453635771490e-05
1.041000000000000000e+06 6.006480536483619433e-05 1.323375476485533647e-05
1.042000000000000000e+06 6.006335489340906407e-05 1.322140925623847606e-05
1.043000000000000000e+06 6.006232474301795342e-05 1.319365529415921363e-05
1.044000000000000000e+06 6.005995049971548386e-05 1.316614122981399229e-05
1.045000000000000000e+06 6.005874655461169575e-05 1.315592722399361017e-05
1.046000000000000000e+06 6.005756792696307120e-05 1.314915029691627571e-05
1.047000000000000000e+06 6.005746316845521999e-05 1.314385477546090664e-05
1.048000000000000000e+06 6.005512190815438171e-05 1.313893057448784423e-05
1.049000000000000000e+06 6.005210245512278234e-05 1.313392868695066047e-05
1.050000000000000000e+06 6.005085591624645717e-05 1.312877343305762711e-05
1.051000000000000000e+06 6.004918014322826330e-05 1.312369210988439926e-05
1.052000000000000000e+06 6.004528727473846053e-05 1.311920797235170610e-05
1.053000000000000000e+06 6.004171141729280914e-05 1.311548786615054472e-05
1.054000000000000000e+06 6.003857994696125329e-05 1.311231455079412416e-05
1.055000000000000000e+06 6.003652336852842604e-05 1.310933782344167314e-05
1.056000000000000000e+06 6.003639425940034043e-05 1.310612104816958858e-05
1.057000000000000000e+06 6.003691943374076412e-05 1.310234837972161548e-05
1.058000000000000000e+06 6.003605908212458818e-05 1.309817601531157783e-05
1.059000000000000000e+06 6.003532063747037470e-05 1.309386046354299592e-05
1.060000000000000000e+06 6.003468652684851455e-05 1.308975842393635942e-05
1.061000000000000000e+06 6.003411640219788643e-05 1.308582235113136508e-05
1.062000000000000000e+06 6.003355383990251421e-05 1.308225206705902291e-05
1.063000000000000000e+06 6.003297532134858362e-05 1.307915792792022212e-05
1.064000000000000000e+06 6.003238996417473205e-05 1.307605225747455696e-05
1.065000000000000000e+06 6.003201201550000161e-05 1.307271476322419997e-05
1.066000000000000000e+06 6.003278724149205790e-05 1.306870669670160127e-05
1.067000000000000000e+06 6.002965425804466365e-05 1.306345857055851299e-05
1.068000000000000000e+06 6.002636717472287469e-05 1.305758019592180095e-05
1.069000000000000000e+06 6.002487890210603510e-05 1.305195298817109967e-05
1.070000000000000000e+06 6.002407039939281071e-05 1.304683767345314138e-05
1.071000000000000000e+06 6.002341205828014747e-05 1.304245981575542939e-05
1.072000000000000000e+06 6.002284814262664873e-05 1.303856042278859761e-05
1.073000000000000000e+06 6.002369676150429856e-05 1.303491198271344566e-05
1.074000000000000000e+06 6.002350895749784180e-05 1.303152954497392536e-05
1.075000000000000000e+06 6.002052670668777041e-05 1.302804111908227338e-05
