# time | wo surface tension | w surface tension
1.000000000000000000e+03 3.868196373330501023e-04 2.138391346698289826e-04
2.000000000000000000e+03 2.892876577560100828e-04 1.375885414866135888e-04
3.000000000000000000e+03 2.476825533245549486e-04 1.043818275160305145e-04
4.000000000000000000e+03 2.247916420636101881e-04 8.990270765344702457e-05
5.000000000000000000e+03 2.089227505230526990e-04 8.131804569857938416e-05
6.000000000000000000e+03 1.977965886270780438e-04 7.487415360493571170e-05
7.000000000000000000e+03 1.874342880986523783e-04 7.029257867133007561e-05
8.000000000000000000e+03 1.789568103143821345e-04 6.664351176754478349e-05
9.000000000000000000e+03 1.709041451248271832e-04 6.289284037065470396e-05
1.000000000000000000e+04 1.646500758163334808e-04 6.044933003030351795e-05
1.100000000000000000e+04 1.589132829126481709e-04 5.882622601999266140e-05
1.200000000000000000e+04 1.526187839949012337e-04 5.795696003153166017e-05
1.300000000000000000e+04 1.471387367232448551e-04 5.653730682446582250e-05
1.400000000000000000e+04 1.426177957648970855e-04 5.547646499514797245e-05
1.500000000000000000e+04 1.389396993555860080e-04 5.400307717428994627e-05
1.600000000000000000e+04 1.357116334749688534e-04 5.309575636301753880e-05
1.700000000000000000e+04 1.326168012103068729e-04 5.249209184669612001e-05
1.800000000000000000e+04 1.292196036915454539e-04 5.115792238889689579e-05
1.900000000000000000e+04 1.261403489141772630e-04 4.916684941057654676e-05
2.000000000000000000e+04 1.232614154907880400e-04 4.775528109130524706e-05
2.100000000000000000e+04 1.211618867289001331e-04 4.640647983777967424e-05
2.200000000000000000e+04 1.187779355747590402e-04 4.513091638014485860e-05
2.300000000000000000e+04 1.160645697406882676e-04 4.389618511829692694e-05
2.400000000000000000e+04 1.143144346333913606e-04 4.325821894650870786e-05
2.500000000000000000e+04 1.125997298323632562e-04 4.262668990637234138e-05
2.600000000000000000e+04 1.101958362688626415e-04 4.203118985989229137e-05
2.700000000000000000e+04 1.078050035356786557e-04 4.169200671287577251e-05
2.800000000000000000e+04 1.056076779731727539e-04 4.120836893591757184e-05
2.900000000000000000e+04 1.038009179569233129e-04 4.096350370874488793e-05
3.000000000000000000e+04 1.026250904471557202e-04 4.051478860007428538e-05
3.100000000000000000e+04 1.015254016852424560e-04 3.985423606592309079e-05
3.200000000000000000e+04 9.988695472988489755e-05 3.949487456302735620e-05
3.300000000000000000e+04 9.871143714563140404e-05 3.879134708727233650e-05
3.400000000000000000e+04 9.766240471821033503e-05 3.852220603816442976e-05
3.500000000000000000e+04 9.671486395559006203e-05 3.831877056133913001e-05
3.600000000000000000e+04 9.580864073079872799e-05 3.812851205040858284e-05
3.700000000000000000e+04 9.527216407003010964e-05 3.791227320569566864e-05
3.800000000000000000e+04 9.474524967414592943e-05 3.743678625926293664e-05
3.900000000000000000e+04 9.392452448183673578e-05 3.712678932606201430e-05
4.000000000000000000e+04 9.316712049305246352e-05 3.701148719683601746e-05
4.100000000000000000e+04 9.271319059064278729e-05 3.688795576767605006e-05
4.200000000000000000e+04 9.211187164617086313e-05 3.674217111225272557e-05
4.300000000000000000e+04 9.174946063937253074e-05 3.636150436030476801e-05
4.400000000000000000e+04 9.144879037105873079e-05 3.613199544440656800e-05
4.500000000000000000e+04 9.107272939523821666e-05 3.598519539257027597e-05
4.600000000000000000e+04 9.053003887418397126e-05 3.583960162456957359e-05
4.700000000000000000e+04 8.990123427646079881e-05 3.555471912187526675e-05
4.800000000000000000e+04 8.953242533034994272e-05 3.523202424752395546e-05
4.900000000000000000e+04 8.922751261452468541e-05 3.507710029059298571e-05
5.000000000000000000e+04 8.894302806803732039e-05 3.482864892857874561e-05
5.100000000000000000e+04 8.869442738597172089e-05 3.438714711664714676e-05
5.200000000000000000e+04 8.837564915784430720e-05 3.399730168611718207e-05
5.300000000000000000e+04 8.802344188296639597e-05 3.362541549313851545e-05
5.400000000000000000e+04 8.774245220363760078e-05 3.347025461581993358e-05
5.500000000000000000e+04 8.745886600344118735e-05 3.331815913126192106e-05
5.600000000000000000e+04 8.709835184890347254e-05 3.313633149799623788e-05
5.700000000000000000e+04 8.651112932391583294e-05 3.267954056775934781e-05
5.800000000000000000e+04 8.611601773685293435e-05 3.223340253447947790e-05
5.900000000000000000e+04 8.569325220917670095e-05 3.160856026915539649e-05
6.000000000000000000e+04 8.544045154289798389e-05 3.135547980531558268e-05
6.100000000000000000e+04 8.526445851246747091e-05 3.117146222276866971e-05
6.200000000000000000e+04 8.512157476001621975e-05 3.101435558499979759e-05
6.300000000000000000e+04 8.499839815274295475e-05 3.086539045818386886e-05
6.400000000000000000e+04 8.485047507374675595e-05 3.071675115202799044e-05
6.500000000000000000e+04 8.467842557990407245e-05 3.053398990117201959e-05
6.600000000000000000e+04 8.445094347034388959e-05 3.023177051448830893e-05
6.700000000000000000e+04 8.424935796786249109e-05 3.001517888816518907e-05
6.800000000000000000e+04 8.403734792541786862e-05 2.981803678687500709e-05
6.900000000000000000e+04 8.301202691117184245e-05 2.948174502401054047e-05
7.000000000000000000e+04 8.251581801727638507e-05 2.930882303804794673e-05
7.100000000000000000e+04 8.190426410153590886e-05 2.916490445472768973e-05
7.200000000000000000e+04 8.167316098483352535e-05 2.902438318581008006e-05
7.300000000000000000e+04 8.145911879837988635e-05 2.887700165506440288e-05
7.400000000000000000e+04 8.123498119130504608e-05 2.871161616450451344e-05
7.500000000000000000e+04 8.099365698364847531e-05 2.846185369784486226e-05
7.600000000000000000e+04 8.077639073359496168e-05 2.834467192000588652e-05
7.700000000000000000e+04 8.063749817689430264e-05 2.820308104960007667e-05
7.800000000000000000e+04 8.049491036101787123e-05 2.810150071463071857e-05
7.900000000000000000e+04 8.036356022520646514e-05 2.801906395266419967e-05
8.000000000000000000e+04 8.024205148255742935e-05 2.793960373164479049e-05
8.100000000000000000e+04 8.009635833624464247e-05 2.786439722608916237e-05
8.200000000000000000e+04 7.994024171725756193e-05 2.779516509750592536e-05
8.300000000000000000e+04 7.981425540545311257e-05 2.772817959727566636e-05
8.400000000000000000e+04 7.970770145411494112e-05 2.765858068159239143e-05
8.500000000000000000e+04 7.959766588694218816e-05 2.757527054587648624e-05
8.600000000000000000e+04 7.950712157951640236e-05 2.748386488868493634e-05
8.700000000000000000e+04 7.943057256506800667e-05 2.740903575180979849e-05
8.800000000000000000e+04 7.933425633773056576e-05 2.731119169085501248e-05
8.900000000000000000e+04 7.921488484832165267e-05 2.708779189875445661e-05
9.000000000000000000e+04 7.906834662167643913e-05 2.703283713340377012e-05
9.100000000000000000e+04 7.894507961804154051e-05 2.698649338726057416e-05
9.200000000000000000e+04 7.884284788520754851e-05 2.693931797661911981e-05
9.300000000000000000e+04 7.876204834914340340e-05 2.688944093305093181e-05
9.400000000000000000e+04 7.868237508685815569e-05 2.684305023983263268e-05
9.500000000000000000e+04 7.858737195309843302e-05 2.680284634039003519e-05
9.600000000000000000e+04 7.845460639055811913e-05 2.676188529401039200e-05
9.700000000000000000e+04 7.828798113826394042e-05 2.672104278466038059e-05
9.800000000000000000e+04 7.815858832201415870e-05 2.668072124817236039e-05
9.900000000000000000e+04 7.801910367995532709e-05 2.664027741148587168e-05
1.000000000000000000e+05 7.792704976631827834e-05 2.659828963101041694e-05
1.010000000000000000e+05 7.787699580703418760e-05 2.655239100910511508e-05
1.020000000000000000e+05 7.783311233421142989e-05 2.650314165810717393e-05
1.030000000000000000e+05 7.778250848997693987e-05 2.644960463910985465e-05
1.040000000000000000e+05 7.774806940046669838e-05 2.639394304429533975e-05
1.050000000000000000e+05 7.770901431899490761e-05 2.633138737873572663e-05
1.060000000000000000e+05 7.766049948807846005e-05 2.618409301828697014e-05
1.070000000000000000e+05 7.761137848633374494e-05 2.608628973123986166e-05
1.080000000000000000e+05 7.756217819716473393e-05 2.602999847979416698e-05
1.090000000000000000e+05 7.750233173558240840e-05 2.597758740205030522e-05
1.100000000000000000e+05 7.734545991873872592e-05 2.592123765590671490e-05
1.110000000000000000e+05 7.722719364460105718e-05 2.585716101052649215e-05
1.120000000000000000e+05 7.717271438225133801e-05 2.575104855894894688e-05
1.130000000000000000e+05 7.708724039867702804e-05 2.535661238158651309e-05
1.140000000000000000e+05 7.699661675255525600e-05 2.520972656425377067e-05
1.150000000000000000e+05 7.690265072497046617e-05 2.514288620722442637e-05
1.160000000000000000e+05 7.684493846732278562e-05 2.508840354667749354e-05
1.170000000000000000e+05 7.679423950284123526e-05 2.503232886164528961e-05
1.180000000000000000e+05 7.674589933384919700e-05 2.498245113908010559e-05
1.190000000000000000e+05 7.670405762644723672e-05 2.493768353991807595e-05
1.200000000000000000e+05 7.665575148453726735e-05 2.489291786832867689e-05
1.210000000000000000e+05 7.660717621568990119e-05 2.484706606355527574e-05
1.220000000000000000e+05 7.655472349571221930e-05 2.479685766188862329e-05
1.230000000000000000e+05 7.650076502283844303e-05 2.473704248151150362e-05
1.240000000000000000e+05 7.631634095006125350e-05 2.465938365813376130e-05
1.250000000000000000e+05 7.586555573965055315e-05 2.447690293154883241e-05
1.260000000000000000e+05 7.577946264221908413e-05 2.426147579769439243e-05
1.270000000000000000e+05 7.571474368657795067e-05 2.406174102241289754e-05
1.280000000000000000e+05 7.565629198910170221e-05 2.391769291268166782e-05
1.290000000000000000e+05 7.559878552232335237e-05 2.351923384241704493e-05
1.300000000000000000e+05 7.553694652171514883e-05 2.333534798878484466e-05
1.310000000000000000e+05 7.546706962832453716e-05 2.313434205837590268e-05
1.320000000000000000e+05 7.501019770102989237e-05 2.268114449305313769e-05
1.330000000000000000e+05 7.484444678269996519e-05 2.252100698279652961e-05
1.340000000000000000e+05 7.470188251248430266e-05 2.240117384351816818e-05
1.350000000000000000e+05 7.452910726622863206e-05 2.229636644471696884e-05
1.360000000000000000e+05 7.384982826507365049e-05 2.219687942969581624e-05
1.370000000000000000e+05 7.348411760747916490e-05 2.209480866262994694e-05
1.380000000000000000e+05 7.334397298288584900e-05 2.195764557135492870e-05
1.390000000000000000e+05 7.324634658423701417e-05 2.186613302488293539e-05
1.400000000000000000e+05 7.317804934992544182e-05 2.179570038278311528e-05
1.410000000000000000e+05 7.311788828074259282e-05 2.172995402511335576e-05
1.420000000000000000e+05 7.306488300417493650e-05 2.166130482446573615e-05
1.430000000000000000e+05 7.301296026658259781e-05 2.157900935198749825e-05
1.440000000000000000e+05 7.296544328946907333e-05 2.151596509488736117e-05
1.450000000000000000e+05 7.292490059728630296e-05 2.146062157767825211e-05
1.460000000000000000e+05 7.288108828531515704e-05 2.140969601727923672e-05
1.470000000000000000e+05 7.284143278324304281e-05 2.136059915738947284e-05
1.480000000000000000e+05 7.279875962253692684e-05 2.130567729596108287e-05
1.490000000000000000e+05 7.276805501402274802e-05 2.125449341890057645e-05
1.500000000000000000e+05 7.274175890503058791e-05 2.119465659998161412e-05
1.510000000000000000e+05 7.271440989093347319e-05 2.112785490291176730e-05
1.520000000000000000e+05 7.268689246453493354e-05 2.101008278889219383e-05
1.530000000000000000e+05 7.264993840742440048e-05 2.052288770833580911e-05
1.540000000000000000e+05 7.260765839968430502e-05 2.001458149257883179e-05
1.550000000000000000e+05 7.243592905949534499e-05 1.992343472087987439e-05
1.560000000000000000e+05 7.210311444327366197e-05 1.986951708337947363e-05
1.570000000000000000e+05 7.203164313139385913e-05 1.982749342354073977e-05
1.580000000000000000e+05 7.196002749693770559e-05 1.979239214659068828e-05
1.590000000000000000e+05 7.190038594303467816e-05 1.976330735594369873e-05
1.600000000000000000e+05 7.182868915940711699e-05 1.973687256177902443e-05
1.610000000000000000e+05 7.177045399745020132e-05 1.970713811784564451e-05
1.620000000000000000e+05 7.172667999560670862e-05 1.967582555487190426e-05
1.630000000000000000e+05 7.169058730758769431e-05 1.964655647198038752e-05
1.640000000000000000e+05 7.166601438103098107e-05 1.961718102491906608e-05
1.650000000000000000e+05 7.164395145691597184e-05 1.958665270537051411e-05
1.660000000000000000e+05 7.162218800923537704e-05 1.955210136925623568e-05
1.670000000000000000e+05 7.160716665799870173e-05 1.950373721914351930e-05
1.680000000000000000e+05 7.158774990267717726e-05 1.934061881778308188e-05
1.690000000000000000e+05 7.157429033197932667e-05 1.926614429591191094e-05
1.700000000000000000e+05 7.156197120941818726e-05 1.922517955645122983e-05
1.710000000000000000e+05 7.155015463740474653e-05 1.919810144712732843e-05
1.720000000000000000e+05 7.154080231126726426e-05 1.917195190005938633e-05
1.730000000000000000e+05 7.152924884580817569e-05 1.914465311345689668e-05
1.740000000000000000e+05 7.150071838044284986e-05 1.911740944081743895e-05
1.750000000000000000e+05 7.121129078791191747e-05 1.909025830025307897e-05
1.760000000000000000e+05 7.109554288964589966e-05 1.906126370400604229e-05
1.770000000000000000e+05 7.103694243143379803e-05 1.901923910118955011e-05
1.780000000000000000e+05 7.099289909276418863e-05 1.897803222443265959e-05
1.790000000000000000e+05 7.095396300078856474e-05 1.894822119240855186e-05
1.800000000000000000e+05 7.091632409082112534e-05 1.891714986741987111e-05
1.810000000000000000e+05 7.088038700227687638e-05 1.888279146227008452e-05
1.820000000000000000e+05 7.084029936062705959e-05 1.883521030140012956e-05
1.830000000000000000e+05 7.077704012462137533e-05 1.865219123498099637e-05
1.840000000000000000e+05 7.071842493286384888e-05 1.850726145832843489e-05
1.850000000000000000e+05 7.070697365840887289e-05 1.845522334476055841e-05
1.860000000000000000e+05 7.069679269619910211e-05 1.842449324282193727e-05
1.870000000000000000e+05 7.067823091461687170e-05 1.839659098816343426e-05
1.880000000000000000e+05 7.065392744734300741e-05 1.837380325323913265e-05
1.890000000000000000e+05 7.064336766710248674e-05 1.835356549151299978e-05
1.900000000000000000e+05 7.063319629427419668e-05 1.833087042055172504e-05
1.910000000000000000e+05 7.062805100866559587e-05 1.830861744673082373e-05
1.920000000000000000e+05 7.062048091660997283e-05 1.828639112937150977e-05
1.930000000000000000e+05 7.060632944338630251e-05 1.826101747454437433e-05
1.940000000000000000e+05 7.059630427741392009e-05 1.823273142522628136e-05
1.950000000000000000e+05 7.058976845046287404e-05 1.819494620054618711e-05
1.960000000000000000e+05 7.058085889676247407e-05 1.812222644574670275e-05
1.970000000000000000e+05 7.056868212042208277e-05 1.782369592055847989e-05
1.980000000000000000e+05 7.055478437601473080e-05 1.772780013132246339e-05
1.990000000000000000e+05 7.054210728013164016e-05 1.767202074068856136e-05
2.000000000000000000e+05 7.053142530971791095e-05 1.762927976124093057e-05
2.010000000000000000e+05 7.051897395784966437e-05 1.759971837888396252e-05
2.020000000000000000e+05 7.050325967539191967e-05 1.757512748469583486e-05
2.030000000000000000e+05 7.048450026395818632e-05 1.755299317134047783e-05
2.040000000000000000e+05 7.047016027776682886e-05 1.753254136729087798e-05
2.050000000000000000e+05 7.045097538319937077e-05 1.751182434125666865e-05
2.060000000000000000e+05 7.041574715957660876e-05 1.749201397285547009e-05
2.070000000000000000e+05 7.034568988951029733e-05 1.747623639821828184e-05
2.080000000000000000e+05 7.015250837661110074e-05 1.746292937510470308e-05
2.090000000000000000e+05 6.994557234448581956e-05 1.745048767994911813e-05
2.100000000000000000e+05 6.984586759720541561e-05 1.743895220480243166e-05
2.110000000000000000e+05 6.974957902243592717e-05 1.742794406373282569e-05
2.120000000000000000e+05 6.968786528558723950e-05 1.741702813417252203e-05
2.130000000000000000e+05 6.962806099910514527e-05 1.740674027994728251e-05
2.140000000000000000e+05 6.960497278498125012e-05 1.739682125216677702e-05
2.150000000000000000e+05 6.958570635159802651e-05 1.738750695827218049e-05
2.160000000000000000e+05 6.956564831239376201e-05 1.737905780663242001e-05
2.170000000000000000e+05 6.954646961707705208e-05 1.737109249609815280e-05
2.180000000000000000e+05 6.952896357320586065e-05 1.736264126972267760e-05
2.190000000000000000e+05 6.951280420015856841e-05 1.735332772048106740e-05
2.200000000000000000e+05 6.949482055854389192e-05 1.734324975231972305e-05
2.210000000000000000e+05 6.947144523090852358e-05 1.733277712503577297e-05
2.220000000000000000e+05 6.944688660454455416e-05 1.732293500443511756e-05
2.230000000000000000e+05 6.941210545896142050e-05 1.731420512719196968e-05
2.240000000000000000e+05 6.940765045558423244e-05 1.730655027842156732e-05
2.250000000000000000e+05 6.939914853106116609e-05 1.729924389083668652e-05
2.260000000000000000e+05 6.938731231003700825e-05 1.729166431889609090e-05
2.270000000000000000e+05 6.937948138213734554e-05 1.728488577341258408e-05
2.280000000000000000e+05 6.936635024679087952e-05 1.727893983503022091e-05
2.290000000000000000e+05 6.935492407494975233e-05 1.727306110550621621e-05
2.300000000000000000e+05 6.933766518116251515e-05 1.726700013014195284e-05
2.310000000000000000e+05 6.932433669736855599e-05 1.726110402525526724e-05
2.320000000000000000e+05 6.931273276796050275e-05 1.725573506642771242e-05
2.330000000000000000e+05 6.929865090688405575e-05 1.725019809568468468e-05
2.340000000000000000e+05 6.928878027131230174e-05 1.724290301691066592e-05
2.350000000000000000e+05 6.927585915518551588e-05 1.723369227272883943e-05
2.360000000000000000e+05 6.925934045041836761e-05 1.722373310342939685e-05
2.370000000000000000e+05 6.924550394687552734e-05 1.721403208541478450e-05
2.380000000000000000e+05 6.923038669604867604e-05 1.720474975900988188e-05
2.390000000000000000e+05 6.922341879033835671e-05 1.719590274662394859e-05
2.400000000000000000e+05 6.921545121062950873e-05 1.718697655103865361e-05
2.410000000000000000e+05 6.920296371843852627e-05 1.717777952775986568e-05
2.420000000000000000e+05 6.919405383041737976e-05 1.716770857304556830e-05
2.430000000000000000e+05 6.917804480171841361e-05 1.715675233291977115e-05
2.440000000000000000e+05 6.916404504874379194e-05 1.714524033452733705e-05
2.450000000000000000e+05 6.914539754314532423e-05 1.713360502262431279e-05
2.460000000000000000e+05 6.910934624154203452e-05 1.712152265992816899e-05
2.470000000000000000e+05 6.906777910150285716e-05 1.710783281952412245e-05
2.480000000000000000e+05 6.902076797468898253e-05 1.709297451470730147e-05
2.490000000000000000e+05 6.901037648101448650e-05 1.707761978254104712e-05
2.500000000000000000e+05 6.900714316642528724e-05 1.706108526799547889e-05
2.510000000000000000e+05 6.900178453148022499e-05 1.704174493577977078e-05
2.520000000000000000e+05 6.900490863645796381e-05 1.701730363961569202e-05
2.530000000000000000e+05 6.899588355110651832e-05 1.698579585063877216e-05
2.540000000000000000e+05 6.898303299222536612e-05 1.693405754985029599e-05
2.550000000000000000e+05 6.896539125543972332e-05 1.683453697142897634e-05
2.560000000000000000e+05 6.895710364159627899e-05 1.678807973623954559e-05
2.570000000000000000e+05 6.895394581278261475e-05 1.676519189720173842e-05
2.580000000000000000e+05 6.895228066654871771e-05 1.674939486018219137e-05
2.590000000000000000e+05 6.895308547747178239e-05 1.673624969743706743e-05
2.600000000000000000e+05 6.894914969131475679e-05 1.672351207450467538e-05
2.610000000000000000e+05 6.894452563672053339e-05 1.670930873618892962e-05
2.620000000000000000e+05 6.894350087707529651e-05 1.669032058021280158e-05
2.630000000000000000e+05 6.893696963419955730e-05 1.666250117644550222e-05
2.640000000000000000e+05 6.887044110285627733e-05 1.660115940935625190e-05
2.650000000000000000e+05 6.850314566580778964e-05 1.631115699592314538e-05
2.660000000000000000e+05 6.831090475818325119e-05 1.623169558681015719e-05
2.670000000000000000e+05 6.822411272966379548e-05 1.620648811987854211e-05
2.680000000000000000e+05 6.816079594350641464e-05 1.619559569576718542e-05
2.690000000000000000e+05 6.811015820713999869e-05 1.619124467544037120e-05
2.700000000000000000e+05 6.806678340845984338e-05 1.619024516969964526e-05
2.710000000000000000e+05 6.803000184755262595e-05 1.618968347232402859e-05
2.720000000000000000e+05 6.799983216215074928e-05 1.618813064076217320e-05
2.730000000000000000e+05 6.797396970372555566e-05 1.618573065123861702e-05
2.740000000000000000e+05 6.795213347020593231e-05 1.618220740350535564e-05
2.750000000000000000e+05 6.793071100761956965e-05 1.617623531947276225e-05
2.760000000000000000e+05 6.790593400912901226e-05 1.616871736804380112e-05
2.770000000000000000e+05 6.787892539619978978e-05 1.616109809087747172e-05
2.780000000000000000e+05 6.785309395339857099e-05 1.615302974709557389e-05
2.790000000000000000e+05 6.783084488043620804e-05 1.614515924200335444e-05
2.800000000000000000e+05 6.780769231649332821e-05 1.613787518211814677e-05
2.810000000000000000e+05 6.778390440439067727e-05 1.613089152854829520e-05
2.820000000000000000e+05 6.776210144537523185e-05 1.612232501691413479e-05
2.830000000000000000e+05 6.773962535379563941e-05 1.611383800287831831e-05
2.840000000000000000e+05 6.770245419801323517e-05 1.610628997727533719e-05
2.850000000000000000e+05 6.765892368777842703e-05 1.609791326447338247e-05
2.860000000000000000e+05 6.760539953561782033e-05 1.608870008470138785e-05
2.870000000000000000e+05 6.757772378842809768e-05 1.607930790952494373e-05
2.880000000000000000e+05 6.756576656837700689e-05 1.607029350549762312e-05
2.890000000000000000e+05 6.755760241355034893e-05 1.606240215477267841e-05
2.900000000000000000e+05 6.754947100338722543e-05 1.605544792724818780e-05
2.910000000000000000e+05 6.754032203913920508e-05 1.604770110661674342e-05
2.920000000000000000e+05 6.752797997053685327e-05 1.603800123294733587e-05
2.930000000000000000e+05 6.751897277831062170e-05 1.602576846460948838e-05
2.940000000000000000e+05 6.751361252648938440e-05 1.600521054551449810e-05
2.950000000000000000e+05 6.750730349361073850e-05 1.595708866929168633e-05
2.960000000000000000e+05 6.750293984961281356e-05 1.594007981842229793e-05
2.970000000000000000e+05 6.749717605553177393e-05 1.593156642245879923e-05
2.980000000000000000e+05 6.748995301286147435e-05 1.592358797611509219e-05
2.990000000000000000e+05 6.748255737984376558e-05 1.591455173263996969e-05
3.000000000000000000e+05 6.747272666390182849e-05 1.590434288907575054e-05
3.010000000000000000e+05 6.746643885996465243e-05 1.589186715133904379e-05
3.020000000000000000e+05 6.745819225469483374e-05 1.587965730304222417e-05
3.030000000000000000e+05 6.744761688218387766e-05 1.586584484975523676e-05
3.040000000000000000e+05 6.744116867566895255e-05 1.585392645353124051e-05
3.050000000000000000e+05 6.743462901077504422e-05 1.584175547327322005e-05
3.060000000000000000e+05 6.743157846874611510e-05 1.582820208065472539e-05
3.070000000000000000e+05 6.742278465942728289e-05 1.581326418197701381e-05
3.080000000000000000e+05 6.741629528008211657e-05 1.579528536983773249e-05
3.090000000000000000e+05 6.741033486470692025e-05 1.576080584175085008e-05
3.100000000000000000e+05 6.740506968495809000e-05 1.573145092069930777e-05
3.110000000000000000e+05 6.740059634257678563e-05 1.569796541027832992e-05
3.120000000000000000e+05 6.739404712535536108e-05 1.563643046994113683e-05
3.130000000000000000e+05 6.738453846179262769e-05 1.536397009213215167e-05
3.140000000000000000e+05 6.737790156391479368e-05 1.527842070331570225e-05
3.150000000000000000e+05 6.736985772395017217e-05 1.524791581644954319e-05
3.160000000000000000e+05 6.735688605994044967e-05 1.523139729036942293e-05
3.170000000000000000e+05 6.734828063110679221e-05 1.521792815297071508e-05
3.180000000000000000e+05 6.734482021485959789e-05 1.520703227138565591e-05
3.190000000000000000e+05 6.734080071205204420e-05 1.519468529746356578e-05
3.200000000000000000e+05 6.733624898939375315e-05 1.518481036450623409e-05
3.210000000000000000e+05 6.733192053382494374e-05 1.517647305684515928e-05
3.220000000000000000e+05 6.732463805689888232e-05 1.516635239500876295e-05
3.230000000000000000e+05 6.731937320785162334e-05 1.515845898618817079e-05
3.240000000000000000e+05 6.731245366719024897e-05 1.515439195791316553e-05
3.250000000000000000e+05 6.730905786669014732e-05 1.514802303758788077e-05
3.260000000000000000e+05 6.730415198928884875e-05 1.514236485697897152e-05
3.270000000000000000e+05 6.729432415242898912e-05 1.513862879931632293e-05
3.280000000000000000e+05 6.728593289998246064e-05 1.513646969248854532e-05
3.290000000000000000e+05 6.728044324299655246e-05 1.513341861855951038e-05
3.300000000000000000e+05 6.727384536109952645e-05 1.513210247611667499e-05
3.310000000000000000e+05 6.726758085848874070e-05 1.513192681118651398e-05
3.320000000000000000e+05 6.725952496092081742e-05 1.512752931916942412e-05
3.330000000000000000e+05 6.724816259493422461e-05 1.512177665103536353e-05
3.340000000000000000e+05 6.723566594144320054e-05 1.511574278038101377e-05
3.350000000000000000e+05 6.721382677441010544e-05 1.511079720506629319e-05
3.360000000000000000e+05 6.720873476345217323e-05 1.510559872735310854e-05
3.370000000000000000e+05 6.720490664334616260e-05 1.510188068643040351e-05
3.380000000000000000e+05 6.720104322410315261e-05 1.509771539988357390e-05
3.390000000000000000e+05 6.719244679621240337e-05 1.509250561218987297e-05
3.400000000000000000e+05 6.718192637037172146e-05 1.508675977130542059e-05
3.410000000000000000e+05 6.717585463549805187e-05 1.508097668668559316e-05
3.420000000000000000e+05 6.717170035326240152e-05 1.507566246523219887e-05
3.430000000000000000e+05 6.716772812590516661e-05 1.507080198614345264e-05
3.440000000000000000e+05 6.716514880101832593e-05 1.506541684031651154e-05
3.450000000000000000e+05 6.716341784539084977e-05 1.505894005967187213e-05
3.460000000000000000e+05 6.716035787846481929e-05 1.505113891110156179e-05
3.470000000000000000e+05 6.715728988024771608e-05 1.504205387520884870e-05
3.480000000000000000e+05 6.715203967033731079e-05 1.503180595561802861e-05
3.490000000000000000e+05 6.714952966028944065e-05 1.502061960785375023e-05
3.500000000000000000e+05 6.714606606760337095e-05 1.500917671765062246e-05
3.510000000000000000e+05 6.714208507437925168e-05 1.499825873163326338e-05
3.520000000000000000e+05 6.713928674738486521e-05 1.498695722250636633e-05
3.530000000000000000e+05 6.713476470463258154e-05 1.497454197456457155e-05
3.540000000000000000e+05 6.712860606426692680e-05 1.496162653560768457e-05
3.550000000000000000e+05 6.712420348279918986e-05 1.494873198683697306e-05
3.560000000000000000e+05 6.712054769788072220e-05 1.493622480384468212e-05
3.570000000000000000e+05 6.711729053127949622e-05 1.492405541928972014e-05
3.580000000000000000e+05 6.711461330428946954e-05 1.491249234514330318e-05
3.590000000000000000e+05 6.711184127654398095e-05 1.490150113530058654e-05
3.600000000000000000e+05 6.710858564013612608e-05 1.488952487543207748e-05
3.610000000000000000e+05 6.710546006329827788e-05 1.487396950799751920e-05
3.620000000000000000e+05 6.710212805439009880e-05 1.484510399472875184e-05
3.630000000000000000e+05 6.709377610603837984e-05 1.482629693742147432e-05
3.640000000000000000e+05 6.708969361503839190e-05 1.481384588194219905e-05
3.650000000000000000e+05 6.708334978866548840e-05 1.480325570537967145e-05
3.660000000000000000e+05 6.707951432325798670e-05 1.479227678246951425e-05
3.670000000000000000e+05 6.707540449690503701e-05 1.478030752083564875e-05
3.680000000000000000e+05 6.706230217906635860e-05 1.476760221998025299e-05
3.690000000000000000e+05 6.704836109168179584e-05 1.475435774300810892e-05
3.700000000000000000e+05 6.703335607699423162e-05 1.474011832416236404e-05
3.710000000000000000e+05 6.703080213238133680e-05 1.472359951814162232e-05
3.720000000000000000e+05 6.702818884821977279e-05 1.470192481278766908e-05
3.730000000000000000e+05 6.702565666893506519e-05 1.466742909825503469e-05
3.740000000000000000e+05 6.702387061540952969e-05 1.458218158540663037e-05
3.750000000000000000e+05 6.702126452623652136e-05 1.428304151146765092e-05
3.760000000000000000e+05 6.701869242451137889e-05 1.419119733555117444e-05
3.770000000000000000e+05 6.701738415170454546e-05 1.413232331080311540e-05
3.780000000000000000e+05 6.701294421295508463e-05 1.408481664865157465e-05
3.790000000000000000e+05 6.700915787345910579e-05 1.404510281690280715e-05
3.800000000000000000e+05 6.700707159204932306e-05 1.401205031968674885e-05
3.810000000000000000e+05 6.700486896022485881e-05 1.398378031866421848e-05
3.820000000000000000e+05 6.700270099702651874e-05 1.396146661342960408e-05
3.830000000000000000e+05 6.699793926788120101e-05 1.394335746190652933e-05
3.840000000000000000e+05 6.699559258704912423e-05 1.392694343343575093e-05
3.850000000000000000e+05 6.699379296269953167e-05 1.391224399090915697e-05
3.860000000000000000e+05 6.698916277276024153e-05 1.390119344360791981e-05
3.870000000000000000e+05 6.698691273053457014e-05 1.389284544462938644e-05
3.880000000000000000e+05 6.698480542057720470e-05 1.388551033378442745e-05
3.890000000000000000e+05 6.698185918572673004e-05 1.387820888989439216e-05
3.900000000000000000e+05 6.697408633981970618e-05 1.386985962938013733e-05
3.910000000000000000e+05 6.695923804497489298e-05 1.386055648501460319e-05
3.920000000000000000e+05 6.694927295795337157e-05 1.385188117089710824e-05
3.930000000000000000e+05 6.694061891860810204e-05 1.384370707546165884e-05
3.940000000000000000e+05 6.693007290926153885e-05 1.383661208650364305e-05
3.950000000000000000e+05 6.689654636847387878e-05 1.383080738471150799e-05
3.960000000000000000e+05 6.679923553072298562e-05 1.382535509189004576e-05
3.970000000000000000e+05 6.674191275097765422e-05 1.381900025106856765e-05
3.980000000000000000e+05 6.671442990558394941e-05 1.381111568017640977e-05
3.990000000000000000e+05 6.666841689990842738e-05 1.380268178360612459e-05
4.000000000000000000e+05 6.660543893895721980e-05 1.379381991040692096e-05
4.010000000000000000e+05 6.651825689987436859e-05 1.378380860970052786e-05
4.020000000000000000e+05 6.650380172255293911e-05 1.377183591553774475e-05
4.030000000000000000e+05 6.650512374661811041e-05 1.375584155608822616e-05
4.040000000000000000e+05 6.650781834542654415e-05 1.371469948082913173e-05
4.050000000000000000e+05 6.651238552535484777e-05 1.358419676003748163e-05
4.060000000000000000e+05 6.651840244260924214e-05 1.355170119274573911e-05
4.070000000000000000e+05 6.651370207318086020e-05 1.353572170797750051e-05
4.080000000000000000e+05 6.651257342399036849e-05 1.352289356638112957e-05
4.090000000000000000e+05 6.650398559420334782e-05 1.351086342446862520e-05
4.100000000000000000e+05 6.649635148952689145e-05 1.349921231737895657e-05
4.110000000000000000e+05 6.648871907203694482e-05 1.348600854927064875e-05
4.120000000000000000e+05 6.648735451306759939e-05 1.347454680641113462e-05
4.130000000000000000e+05 6.648140043366235978e-05 1.346619591673100037e-05
4.140000000000000000e+05 6.647613000317501909e-05 1.345970523473499949e-05
4.150000000000000000e+05 6.646537582502798054e-05 1.345478177741821297e-05
4.160000000000000000e+05 6.644860078856861842e-05 1.344984819061066424e-05
4.170000000000000000e+05 6.640138884633179175e-05 1.344408027553698954e-05
4.180000000000000000e+05 6.638876647737333974e-05 1.344049116085178016e-05
4.190000000000000000e+05 6.638902059521686102e-05 1.344022257608964258e-05
4.200000000000000000e+05 6.638035343473601153e-05 1.343642024384908834e-05
4.210000000000000000e+05 6.637951617594933698e-05 1.339002767193490226e-05
4.220000000000000000e+05 6.636765680205882270e-05 1.336766404522024196e-05
4.230000000000000000e+05 6.635398703135690873e-05 1.336213875058495725e-05
4.240000000000000000e+05 6.634584888919926610e-05 1.335469884088386812e-05
4.250000000000000000e+05 6.633806800776650622e-05 1.334465335301999928e-05
4.260000000000000000e+05 6.632837120663733388e-05 1.332584615841236561e-05
4.270000000000000000e+05 6.632315541300857500e-05 1.331191817195329019e-05
4.280000000000000000e+05 6.631395494586412459e-05 1.329361831723526206e-05
4.290000000000000000e+05 6.630389467289837997e-05 1.325543704603696546e-05
4.300000000000000000e+05 6.628344079062639996e-05 1.321784585270731634e-05
4.310000000000000000e+05 6.627541812073739936e-05 1.284835539312499153e-05
4.320000000000000000e+05 6.627048922008287502e-05 1.260569659905784760e-05
4.330000000000000000e+05 6.626533727185972234e-05 1.259299127491413645e-05
4.340000000000000000e+05 6.625242431635091050e-05 1.257621120811177698e-05
4.350000000000000000e+05 6.624075595414947375e-05 1.255474608943538431e-05
4.360000000000000000e+05 6.623461133621895533e-05 1.253124779773272419e-05
4.370000000000000000e+05 6.622793338379718805e-05 1.250764796588548203e-05
4.380000000000000000e+05 6.621900552535203743e-05 1.248282004356023788e-05
4.390000000000000000e+05 6.620297772687208085e-05 1.245588743261511678e-05
4.400000000000000000e+05 6.619317344665189235e-05 1.241733699302375370e-05
4.410000000000000000e+05 6.618723523126416339e-05 1.236616781024371953e-05
4.420000000000000000e+05 6.618574984269048000e-05 1.223117241447380311e-05
4.430000000000000000e+05 6.618345686240234701e-05 1.166541986431683627e-05
4.440000000000000000e+05 6.618140571862076360e-05 1.161579081464496959e-05
4.450000000000000000e+05 6.617821572302913687e-05 1.158158045111863768e-05
4.460000000000000000e+05 6.617258541308102394e-05 1.155098205017148175e-05
4.470000000000000000e+05 6.616301865510626490e-05 1.152015371435934088e-05
4.480000000000000000e+05 6.615461950581013966e-05 1.148593313679315608e-05
4.490000000000000000e+05 6.615176276669163013e-05 1.144588614264778697e-05
4.500000000000000000e+05 6.614647080899121252e-05 1.142310426903546874e-05
4.510000000000000000e+05 6.614180592557738873e-05 1.140364834517197384e-05
4.520000000000000000e+05 6.613680693114270550e-05 1.138586862144951626e-05
4.530000000000000000e+05 6.613410246113407391e-05 1.136860935934810984e-05
4.540000000000000000e+05 6.613313957983071075e-05 1.135212467310763687e-05
4.550000000000000000e+05 6.612925268946874503e-05 1.133794528639196668e-05
4.560000000000000000e+05 6.612562243288818450e-05 1.132544703716002683e-05
4.570000000000000000e+05 6.612410718103757003e-05 1.131353093936921475e-05
4.580000000000000000e+05 6.612164286848702687e-05 1.130195802603334721e-05
4.590000000000000000e+05 6.611950431115590015e-05 1.129072195040039709e-05
4.600000000000000000e+05 6.611808317860687150e-05 1.128073300987397202e-05
4.610000000000000000e+05 6.611625936151050115e-05 1.127171918380452103e-05
4.620000000000000000e+05 6.611515892321338827e-05 1.126355307673607213e-05
4.630000000000000000e+05 6.611609552245524980e-05 1.125576612950986062e-05
4.640000000000000000e+05 6.611523797035609397e-05 1.124720563322298658e-05
4.650000000000000000e+05 6.611027371043246806e-05 1.123796577063124701e-05
4.660000000000000000e+05 6.610609920195512925e-05 1.122859992201283073e-05
4.670000000000000000e+05 6.610369675016792407e-05 1.121913970687295100e-05
4.680000000000000000e+05 6.609876042804476803e-05 1.120940672732780444e-05
4.690000000000000000e+05 6.609158156100879687e-05 1.119967101130847720e-05
4.700000000000000000e+05 6.608899871819815669e-05 1.119027494980093986e-05
4.710000000000000000e+05 6.608699957243834705e-05 1.118049743266006645e-05
4.720000000000000000e+05 6.608502855589334229e-05 1.116991580636559333e-05
4.730000000000000000e+05 6.608350963442687423e-05 1.115928743370106003e-05
4.740000000000000000e+05 6.608204283121860167e-05 1.114870287863098210e-05
4.750000000000000000e+05 6.608109235555926901e-05 1.113800305382321171e-05
4.760000000000000000e+05 6.608060700933502611e-05 1.112677417468081337e-05
4.770000000000000000e+05 6.607295936213145753e-05 1.111449364232974704e-05
4.780000000000000000e+05 6.606758291414721140e-05 1.110060977641134626e-05
4.790000000000000000e+05 6.606391628631599444e-05 1.108462410466555181e-05
4.800000000000000000e+05 6.606417083237706286e-05 1.106564545244282428e-05
4.810000000000000000e+05 6.606074977768087444e-05 1.103966127100574729e-05
4.820000000000000000e+05 6.605437168848873170e-05 1.099635914729491444e-05
4.830000000000000000e+05 6.604705664809763007e-05 1.082516908949870518e-05
4.840000000000000000e+05 6.603486854199499645e-05 1.055233826224908259e-05
4.850000000000000000e+05 6.603056945339753903e-05 1.047222534004029706e-05
4.860000000000000000e+05 6.602610115918441697e-05 1.042044897619642270e-05
4.870000000000000000e+05 6.602310547976422011e-05 1.038284992192878356e-05
4.880000000000000000e+05 6.602093332855389586e-05 1.035084974219519311e-05
4.890000000000000000e+05 6.602024808944248458e-05 1.032476287896830439e-05
4.900000000000000000e+05 6.601982652216249867e-05 1.030161640757645895e-05
4.910000000000000000e+05 6.601852215771939663e-05 1.027974434664313407e-05
4.920000000000000000e+05 6.601556936821750127e-05 1.026067793375859780e-05
4.930000000000000000e+05 6.601384873643149757e-05 1.024173632951424354e-05
4.940000000000000000e+05 6.601149772439770949e-05 1.022413860949791037e-05
4.950000000000000000e+05 6.600862901634649196e-05 1.020876218809179131e-05
4.960000000000000000e+05 6.600694376593502200e-05 1.019251289093306629e-05
4.970000000000000000e+05 6.600531814241698131e-05 1.017588856738429375e-05
4.980000000000000000e+05 6.600369502297238661e-05 1.016117828228937272e-05
4.990000000000000000e+05 6.600199282753380233e-05 1.014792315758701321e-05
5.000000000000000000e+05 6.600004151802819690e-05 1.013483080917395790e-05
5.010000000000000000e+05 6.599910000755279259e-05 1.012243898155383811e-05
5.020000000000000000e+05 6.599811124167993077e-05 1.011198967642358524e-05
5.030000000000000000e+05 6.599804152943062479e-05 1.010260671465488273e-05
5.040000000000000000e+05 6.599831447444375998e-05 1.009332906084162925e-05
5.050000000000000000e+05 6.599704489079402919e-05 1.008295986543154238e-05
5.060000000000000000e+05 6.599633017940814347e-05 1.007175177367365646e-05
5.070000000000000000e+05 6.599602546585436999e-05 1.006135764977667408e-05
5.080000000000000000e+05 6.599436040206363983e-05 1.004984343210215292e-05
5.090000000000000000e+05 6.599404357506355261e-05 1.003765023820412706e-05
5.100000000000000000e+05 6.599210369897672056e-05 1.002549497671435325e-05
5.110000000000000000e+05 6.598986022115726721e-05 1.001387322456046076e-05
5.120000000000000000e+05 6.598945401024294225e-05 1.000306548737952058e-05
5.130000000000000000e+05 6.598951070158699849e-05 9.992865645377738013e-06
5.140000000000000000e+05 6.598913896636779939e-05 9.982320664856379652e-06
5.150000000000000000e+05 6.598939078626747592e-05 9.971007496752796293e-06
5.160000000000000000e+05 6.598618460867924278e-05 9.959202058715070220e-06
5.170000000000000000e+05 6.598262179101894802e-05 9.948060371155513574e-06
5.180000000000000000e+05 6.598126976616177849e-05 9.936920039426010192e-06
5.190000000000000000e+05 6.598103696380978401e-05 9.925547057086441414e-06
5.200000000000000000e+05 6.598070384066779777e-05 9.914269767763378503e-06
5.210000000000000000e+05 6.598016030689413092e-05 9.902947498399971302e-06
5.220000000000000000e+05 6.597943807722288028e-05 9.891657141569264533e-06
5.230000000000000000e+05 6.597855118641738758e-05 9.880573211844491234e-06
5.240000000000000000e+05 6.597784460286871806e-05 9.869953053374634419e-06
5.250000000000000000e+05 6.597707255186746318e-05 9.859788302162775323e-06
5.260000000000000000e+05 6.597640620247525426e-05 9.849711592575452609e-06
5.270000000000000000e+05 6.597539395116142416e-05 9.839631280365186141e-06
5.280000000000000000e+05 6.597466345011835905e-05 9.829506857731059173e-06
5.290000000000000000e+05 6.597401632580399220e-05 9.819225048024033035e-06
5.300000000000000000e+05 6.597264329655079204e-05 9.808811911298809204e-06
5.310000000000000000e+05 6.597259399397225211e-05 9.798321840626028802e-06
5.320000000000000000e+05 6.597288692296063664e-05 9.787876972783178338e-06
5.330000000000000000e+05 6.597408753176575984e-05 9.777732354134949973e-06
5.340000000000000000e+05 6.597680361020789841e-05 9.767570583448231198e-06
5.350000000000000000e+05 6.597620211924174664e-05 9.757074514247462179e-06
5.360000000000000000e+05 6.597314019436224992e-05 9.746204297413175668e-06
5.370000000000000000e+05 6.596824628580209848e-05 9.732800270024419682e-06
5.380000000000000000e+05 6.596472659658963826e-05 9.706120962342293357e-06
5.390000000000000000e+05 6.596380134926091996e-05 9.692149467473338848e-06
5.400000000000000000e+05 6.595848448227980957e-05 9.683147146577473406e-06
5.410000000000000000e+05 6.595449691222248249e-05 9.674403318210625369e-06
5.420000000000000000e+05 6.594924120344601202e-05 9.665305532104207685e-06
5.430000000000000000e+05 6.593843463313985378e-05 9.656455007120946722e-06
5.440000000000000000e+05 6.592107550705793024e-05 9.647403998966727650e-06
5.450000000000000000e+05 6.590270481089032179e-05 9.638173506171352785e-06
5.460000000000000000e+05 6.589932602336082872e-05 9.629029958659505873e-06
5.470000000000000000e+05 6.589637101471319488e-05 9.620118864426340741e-06
5.480000000000000000e+05 6.589434063091268020e-05 9.611523577115435008e-06
5.490000000000000000e+05 6.589494499302700253e-05 9.603222554735311089e-06
5.500000000000000000e+05 6.589520520734308019e-05 9.595141460522187222e-06
5.510000000000000000e+05 6.589527806856270136e-05 9.586306166042140464e-06
5.520000000000000000e+05 6.589611253020393963e-05 9.570882909790418821e-06
5.530000000000000000e+05 6.589583041241114892e-05 9.559035285692410756e-06
5.540000000000000000e+05 6.589593157505831003e-05 9.550954592225017841e-06
5.550000000000000000e+05 6.589698364608252180e-05 9.543452374548912513e-06
5.560000000000000000e+05 6.589679132896242059e-05 9.536345687890244224e-06
5.570000000000000000e+05 6.589537762431119344e-05 9.529650562396394927e-06
5.580000000000000000e+05 6.589461892673396373e-05 9.523355295862749953e-06
5.590000000000000000e+05 6.589333287710064059e-05 9.517770670841197176e-06
5.600000000000000000e+05 6.588967269048333244e-05 9.513401767430338052e-06
5.610000000000000000e+05 6.588811696408631473e-05 9.509432058321296531e-06
5.620000000000000000e+05 6.588693404089725181e-05 9.505451946212765198e-06
5.630000000000000000e+05 6.588503753710383388e-05 9.501194600244556706e-06
5.640000000000000000e+05 6.588437379452585774e-05 9.496486379473130030e-06
5.650000000000000000e+05 6.588132345332816937e-05 9.491345870960243803e-06
5.660000000000000000e+05 6.587739813295948174e-05 9.485883718633015367e-06
5.670000000000000000e+05 6.587397636654919908e-05 9.480162755636615548e-06
5.680000000000000000e+05 6.586784058932205078e-05 9.474217245363562260e-06
5.690000000000000000e+05 6.586702774579373837e-05 9.468260519746178513e-06
5.700000000000000000e+05 6.586564596390627360e-05 9.462602856755881217e-06
5.710000000000000000e+05 6.586372810554630311e-05 9.457389447540173044e-06
5.720000000000000000e+05 6.586216571190603051e-05 9.452204883909211023e-06
5.730000000000000000e+05 6.586078211279837685e-05 9.446822599699271697e-06
5.740000000000000000e+05 6.585963726843239475e-05 9.441199299736761561e-06
5.750000000000000000e+05 6.585943734609069240e-05 9.435370148749272677e-06
5.760000000000000000e+05 6.585833580394640906e-05 9.429380714006111352e-06
5.770000000000000000e+05 6.585702378808874378e-05 9.423265362141614146e-06
5.780000000000000000e+05 6.585588375031131985e-05 9.417046385039621473e-06
5.790000000000000000e+05 6.585483575255557756e-05 9.410710320955686643e-06
5.800000000000000000e+05 6.585343997127590470e-05 9.404178491119091673e-06
5.810000000000000000e+05 6.585256204838532365e-05 9.397842122180884050e-06
5.820000000000000000e+05 6.585187908576388980e-05 9.391817575664804322e-06
5.830000000000000000e+05 6.585264700468998304e-05 9.386218681027612767e-06
5.840000000000000000e+05 6.585245926969167320e-05 9.380561589448465747e-06
5.850000000000000000e+05 6.585170117055128447e-05 9.374754294021769613e-06
5.860000000000000000e+05 6.585149365581501426e-05 9.368780301448557726e-06
5.870000000000000000e+05 6.585330622436663217e-05 9.362777772543174069e-06
5.880000000000000000e+05 6.585329973074294599e-05 9.356922021560629387e-06
5.890000000000000000e+05 6.585369019282487054e-05 9.351243719529779531e-06
5.900000000000000000e+05 6.585646427180540899e-05 9.345711272165354769e-06
5.910000000000000000e+05 6.585737840715942429e-05 9.340288181300542927e-06
5.920000000000000000e+05 6.585565135976321712e-05 9.334946658633009567e-06
5.930000000000000000e+05 6.585035596189524223e-05 9.329656867886870742e-06
5.940000000000000000e+05 6.584426358999676877e-05 9.324371495737112289e-06
5.950000000000000000e+05 6.584262906146785767e-05 9.319017581559306215e-06
5.960000000000000000e+05 6.584175913105869561e-05 9.313611965311113677e-06
5.970000000000000000e+05 6.584075928615609101e-05 9.308240471390006199e-06
5.980000000000000000e+05 6.583961379074880851e-05 9.302885368361968284e-06
5.990000000000000000e+05 6.583870254836411814e-05 9.297541871237661646e-06
6.000000000000000000e+05 6.583787147530991183e-05 9.292186041258104729e-06
6.010000000000000000e+05 6.583714675341917702e-05 9.286808269675379175e-06
6.020000000000000000e+05 6.583672817535594825e-05 9.281397265906060463e-06
6.030000000000000000e+05 6.583631553527620928e-05 9.275959447137293624e-06
6.040000000000000000e+05 6.583513909357247094e-05 9.270558832701943373e-06
6.050000000000000000e+05 6.583431096650922286e-05 9.265281638153018758e-06
6.060000000000000000e+05 6.583372947152804145e-05 9.260113830138870262e-06
6.070000000000000000e+05 6.583330691240476997e-05 9.255035420353577451e-06
6.080000000000000000e+05 6.583314149492087378e-05 9.250866514656907183e-06
6.090000000000000000e+05 6.583275772939995243e-05 9.247026477971997363e-06
6.100000000000000000e+05 6.583254669056311519e-05 9.243108962585925480e-06
6.110000000000000000e+05 6.583282841643130819e-05 9.238818304351478726e-06
6.120000000000000000e+05 6.583191440521886178e-05 9.234076815072320195e-06
6.130000000000000000e+05 6.583126338836755383e-05 9.228988564320786289e-06
6.140000000000000000e+05 6.583083080964696146e-05 9.223869104513684455e-06
6.150000000000000000e+05 6.583057557034444898e-05 9.218899400959825011e-06
6.160000000000000000e+05 6.583129978808972523e-05 9.214084212005472168e-06
6.170000000000000000e+05 6.583106252094000433e-05 9.209430577912787832e-06
6.180000000000000000e+05 6.583088486918230631e-05 9.204981669729908893e-06
6.190000000000000000e+05 6.583073635694128138e-05 9.200856243355437107e-06
6.200000000000000000e+05 6.583024629135377837e-05 9.197226758719908213e-06
6.210000000000000000e+05 6.583004898727056419e-05 9.193971120052569232e-06
6.220000000000000000e+05 6.582988831486355800e-05 9.190889700327877849e-06
6.230000000000000000e+05 6.582975200464007343e-05 9.187745069095762203e-06
6.240000000000000000e+05 6.582927454588626535e-05 9.184333239415746081e-06
6.250000000000000000e+05 6.582890591480319571e-05 9.180658729759907710e-06
6.260000000000000000e+05 6.582826895055831056e-05 9.176872737073457940e-06
6.270000000000000000e+05 6.582811553804245183e-05 9.173059514075916800e-06
6.280000000000000000e+05 6.582783440033747107e-05 9.169070412840220943e-06
6.290000000000000000e+05 6.582672518430777552e-05 9.164857046346986573e-06
6.300000000000000000e+05 6.582667090127499484e-05 9.160499962378779024e-06
6.310000000000000000e+05 6.582614910210302236e-05 9.156159195240003395e-06
6.320000000000000000e+05 6.582608773732913723e-05 9.151971900213901154e-06
6.330000000000000000e+05 6.582860915858522162e-05 9.148065773914111138e-06
6.340000000000000000e+05 6.582975936778967356e-05 9.144435812024535957e-06
6.350000000000000000e+05 6.583195859667384118e-05 9.140807273924986474e-06
6.360000000000000000e+05 6.583203501650833160e-05 9.136920385154915836e-06
6.370000000000000000e+05 6.583136373466813151e-05 9.132758187720605746e-06
6.380000000000000000e+05 6.583053400237955848e-05 9.128412615632688979e-06
6.390000000000000000e+05 6.582922967977031595e-05 9.123957486461445294e-06
6.400000000000000000e+05 6.582756795719179395e-05 9.119441307216207180e-06
6.410000000000000000e+05 6.582764253082297261e-05 9.114891603046939919e-06
6.420000000000000000e+05 6.582749846705939563e-05 9.110318294662066700e-06
6.430000000000000000e+05 6.582721784461453135e-05 9.105726036134667139e-06
6.440000000000000000e+05 6.582653434388920717e-05 9.101127943442366582e-06
6.450000000000000000e+05 6.582463349499644923e-05 9.096525442415474562e-06
6.460000000000000000e+05 6.582341146185838299e-05 9.091898753177132551e-06
6.470000000000000000e+05 6.582225371380663126e-05 9.087237792915993162e-06
6.480000000000000000e+05 6.582054476762149234e-05 9.082519213770040188e-06
6.490000000000000000e+05 6.581184594585855337e-05 9.077680927719870732e-06
6.500000000000000000e+05 6.580782007016973238e-05 9.072733591270243277e-06
6.510000000000000000e+05 6.580468310358808114e-05 9.067748026230495410e-06
6.520000000000000000e+05 6.579913844923137971e-05 9.062738071663289688e-06
6.530000000000000000e+05 6.576801344540963263e-05 9.057704564339161041e-06
6.540000000000000000e+05 6.573090895963296684e-05 9.052782580131933725e-06
6.550000000000000000e+05 6.572380349197996211e-05 9.048153935494710772e-06
6.560000000000000000e+05 6.572100055520418765e-05 9.043662813024322563e-06
6.570000000000000000e+05 6.572165022040416080e-05 9.038978183284286636e-06
6.580000000000000000e+05 6.571900446423522754e-05 9.033965390136402217e-06
6.590000000000000000e+05 6.571942688747580666e-05 9.028586184205346314e-06
6.600000000000000000e+05 6.571665977186019790e-05 9.023681236719821103e-06
6.610000000000000000e+05 6.571505458809813764e-05 9.019497926027208491e-06
6.620000000000000000e+05 6.570954420798639096e-05 9.015477646998829646e-06
6.630000000000000000e+05 6.570693717928316360e-05 9.011385177203235116e-06
6.640000000000000000e+05 6.570596701755099071e-05 9.007199256177455708e-06
6.650000000000000000e+05 6.570525274160240862e-05 9.003011880001578795e-06
6.660000000000000000e+05 6.570451119427260121e-05 8.998926234224359987e-06
6.670000000000000000e+05 6.570378554180301024e-05 8.994982708634033613e-06
6.680000000000000000e+05 6.570372728004454188e-05 8.991107853243218511e-06
6.690000000000000000e+05 6.570334376087148451e-05 8.987203201767331566e-06
6.700000000000000000e+05 6.570309546438219902e-05 8.983240294023115183e-06
6.710000000000000000e+05 6.570359082345238167e-05 8.979268266856723453e-06
6.720000000000000000e+05 6.570476510984931675e-05 8.975317335655804411e-06
6.730000000000000000e+05 6.570399198288814338e-05 8.971362239227313271e-06
6.740000000000000000e+05 6.570547802230173662e-05 8.967286163206677298e-06
6.750000000000000000e+05 6.570321169863932225e-05 8.963081922745189158e-06
6.760000000000000000e+05 6.570085384568089752e-05 8.958834390016646860e-06
6.770000000000000000e+05 6.570018791443466163e-05 8.954738693226593665e-06
6.780000000000000000e+05 6.569763538936570612e-05 8.950953740144186870e-06
6.790000000000000000e+05 6.569674425988904535e-05 8.947428519555752601e-06
6.800000000000000000e+05 6.569201296161857506e-05 8.943853072781233793e-06
6.810000000000000000e+05 6.568722789029158128e-05 8.939961367711482369e-06
6.820000000000000000e+05 6.568712884534031783e-05 8.935642269053276215e-06
6.830000000000000000e+05 6.568716036908428730e-05 8.930740540596676256e-06
6.840000000000000000e+05 6.568727080741507672e-05 8.925526071105041985e-06
6.850000000000000000e+05 6.568636679733010639e-05 8.921119607761705063e-06
6.860000000000000000e+05 6.568664912852490638e-05 8.916453294254476938e-06
6.870000000000000000e+05 6.568782788270546066e-05 8.911571239532794635e-06
6.880000000000000000e+05 6.568898610343856825e-05 8.906558155750662117e-06
6.890000000000000000e+05 6.569010422737030837e-05 8.901461554926387554e-06
6.900000000000000000e+05 6.569140472484480257e-05 8.896318860277138246e-06
6.910000000000000000e+05 6.569182100913627785e-05 8.891178510532812384e-06
6.920000000000000000e+05 6.569077416514970018e-05 8.886173626423555841e-06
6.930000000000000000e+05 6.568042443011203578e-05 8.881424924503839328e-06
6.940000000000000000e+05 6.567419348852211508e-05 8.876893232748394788e-06
6.950000000000000000e+05 6.567548348819152366e-05 8.872338544831082267e-06
6.960000000000000000e+05 6.567812040132279953e-05 8.867523155340667804e-06
6.970000000000000000e+05 6.567970693366818565e-05 8.862667442235116152e-06
6.980000000000000000e+05 6.567842884034125260e-05 8.857914178316619123e-06
6.990000000000000000e+05 6.567601536362157493e-05 8.853420424200126131e-06
7.000000000000000000e+05 6.567091335860872911e-05 8.849203633781199706e-06
7.010000000000000000e+05 6.566533069485787940e-05 8.845099275109887533e-06
7.020000000000000000e+05 6.564975496681694871e-05 8.840917719384162405e-06
7.030000000000000000e+05 6.564151095048000940e-05 8.836579051609743177e-06
7.040000000000000000e+05 6.564069122415159456e-05 8.831956969882339363e-06
7.050000000000000000e+05 6.564016969711588525e-05 8.826816795481599181e-06
7.060000000000000000e+05 6.563970915767633409e-05 8.821032496921758244e-06
7.070000000000000000e+05 6.564014411317807139e-05 8.814710973791159648e-06
7.080000000000000000e+05 6.564070573946452351e-05 8.808183474114056148e-06
7.090000000000000000e+05 6.564119051621110097e-05 8.801854448598840747e-06
7.100000000000000000e+05 6.564163289539748434e-05 8.795932971543421816e-06
7.110000000000000000e+05 6.564183580222917474e-05 8.790554672010386381e-06
7.120000000000000000e+05 6.564202192995051031e-05 8.785468394846925703e-06
7.130000000000000000e+05 6.564205585150945858e-05 8.780230323693474564e-06
7.140000000000000000e+05 6.564173634508717618e-05 8.774481772560265670e-06
7.150000000000000000e+05 6.564267608539015226e-05 8.768167794835339686e-06
7.160000000000000000e+05 6.564313822356445207e-05 8.761610519151644984e-06
7.170000000000000000e+05 6.564371297398019674e-05 8.755002933610238512e-06
7.180000000000000000e+05 6.564438361596390222e-05 8.748339476492027254e-06
7.190000000000000000e+05 6.564470971686536555e-05 8.741637118469606553e-06
7.200000000000000000e+05 6.564495407297433463e-05 8.734523198987906019e-06
7.210000000000000000e+05 6.564522839955238978e-05 8.726272714781750965e-06
7.220000000000000000e+05 6.564547334686127232e-05 8.715692989406492088e-06
7.230000000000000000e+05 6.564565903156594504e-05 8.703119692305423579e-06
7.240000000000000000e+05 6.564574372252971390e-05 8.688386139331600181e-06
7.250000000000000000e+05 6.564553703676970849e-05 8.670246026969450704e-06
7.260000000000000000e+05 6.564321171884625263e-05 8.643431405011059294e-06
7.270000000000000000e+05 6.564052302802829213e-05 8.585175708411472466e-06
7.280000000000000000e+05 6.564056625418799077e-05 8.274209064041769914e-06
7.290000000000000000e+05 6.564086316396422905e-05 8.150761374582484042e-06
7.300000000000000000e+05 6.564109384220874726e-05 8.089880478386285938e-06
7.310000000000000000e+05 6.564134121629627003e-05 8.048224970343781056e-06
7.320000000000000000e+05 6.564144160171071502e-05 8.018896595933575186e-06
7.330000000000000000e+05 6.564134015285498351e-05 7.995789048868560118e-06
7.340000000000000000e+05 6.564141452890606427e-05 7.976177806547605245e-06
7.350000000000000000e+05 6.564146872382076062e-05 7.960995060310075856e-06
7.360000000000000000e+05 6.564150087534979903e-05 7.944899291324638950e-06
7.370000000000000000e+05 6.564150853923355461e-05 7.931170793412825024e-06
7.380000000000000000e+05 6.564149428521807907e-05 7.920247088304744373e-06
7.390000000000000000e+05 6.564145573589768635e-05 7.908794461193428984e-06
7.400000000000000000e+05 6.564137592834363413e-05 7.897696510168640069e-06
7.410000000000000000e+05 6.564122519679840102e-05 7.887485039554183077e-06
7.420000000000000000e+05 6.564102681729539076e-05 7.876109764925759703e-06
7.430000000000000000e+05 6.564111662324432302e-05 7.864573890427119747e-06
7.440000000000000000e+05 6.564121716671212086e-05 7.854649789295652850e-06
7.450000000000000000e+05 6.564128490497645938e-05 7.846391091715409889e-06
7.460000000000000000e+05 6.564131086931231107e-05 7.836914776989911850e-06
7.470000000000000000e+05 6.564128880756951116e-05 7.825163033281665669e-06
7.480000000000000000e+05 6.564115671741964440e-05 7.816074405769329341e-06
7.490000000000000000e+05 6.564072804979907932e-05 7.808211790419785126e-06
7.500000000000000000e+05 6.563823725603276996e-05 7.801274595080322038e-06
7.510000000000000000e+05 6.563795844048036414e-05 7.794606965434073518e-06
7.520000000000000000e+05 6.563725525352527503e-05 7.787472751026681879e-06
7.530000000000000000e+05 6.563600021137492365e-05 7.779305903265261202e-06
7.540000000000000000e+05 6.563392759762680211e-05 7.771004232751116533e-06
7.550000000000000000e+05 6.563490371153674475e-05 7.762842795853969243e-06
7.560000000000000000e+05 6.563313695842557113e-05 7.754368760065110576e-06
7.570000000000000000e+05 6.562900779944781920e-05 7.745586064304865222e-06
7.580000000000000000e+05 6.562368438021735158e-05 7.736742976071174499e-06
7.590000000000000000e+05 6.562102835599925783e-05 7.728129431325848808e-06
7.600000000000000000e+05 6.562078379212824496e-05 7.719769814421526959e-06
7.610000000000000000e+05 6.561950691844029861e-05 7.711653879836450422e-06
7.620000000000000000e+05 6.561694120204306438e-05 7.703789954600988958e-06
7.630000000000000000e+05 6.561567399414433739e-05 7.696301902851475450e-06
7.640000000000000000e+05 6.561629698937440777e-05 7.689075400787415715e-06
7.650000000000000000e+05 6.561737502086721695e-05 7.681852681969939830e-06
7.660000000000000000e+05 6.561918227109973974e-05 7.674379437112063734e-06
7.670000000000000000e+05 6.561888490270712090e-05 7.666622686976158805e-06
7.680000000000000000e+05 6.561826524337107086e-05 7.658579796455875475e-06
7.690000000000000000e+05 6.561893574424633793e-05 7.650347275596486437e-06
7.700000000000000000e+05 6.561881154295316689e-05 7.641964015176969184e-06
7.710000000000000000e+05 6.561868495640708486e-05 7.633417424816708470e-06
7.720000000000000000e+05 6.561853032075227218e-05 7.624686756607507968e-06
7.730000000000000000e+05 6.561816060691018446e-05 7.615940949489888702e-06
7.740000000000000000e+05 6.561817737812914667e-05 7.607225353440268824e-06
7.750000000000000000e+05 6.561825964702361585e-05 7.598613879173714203e-06
7.760000000000000000e+05 6.561833669852814264e-05 7.590466417410392591e-06
7.770000000000000000e+05 6.561838910277491038e-05 7.583161446696672523e-06
7.780000000000000000e+05 6.561818270018175974e-05 7.577329257738373021e-06
7.790000000000000000e+05 6.561842317136256948e-05 7.573077851655006960e-06
7.800000000000000000e+05 6.561867438386721166e-05 7.567968138280752928e-06
7.810000000000000000e+05 6.561879494079257550e-05 7.561438912681684335e-06
7.820000000000000000e+05 6.561943767754760252e-05 7.554113546181049934e-06
7.830000000000000000e+05 6.562176785540984442e-05 7.546456776220373822e-06
7.840000000000000000e+05 6.562245252053255028e-05 7.538627067237765697e-06
7.850000000000000000e+05 6.562249953576495577e-05 7.530709226203103219e-06
7.860000000000000000e+05 6.562309060212129664e-05 7.522919970503180582e-06
7.870000000000000000e+05 6.562304629096536940e-05 7.515555800274944623e-06
7.880000000000000000e+05 6.562288838750691294e-05 7.508798660916091345e-06
7.890000000000000000e+05 6.562285552507464155e-05 7.502774500554221083e-06
7.900000000000000000e+05 6.562276692081089077e-05 7.497578294846696085e-06
7.910000000000000000e+05 6.562378087553356497e-05 7.492898045016250621e-06
7.920000000000000000e+05 6.563064077982319784e-05 7.488270449045515956e-06
7.930000000000000000e+05 6.563031028229839676e-05 7.483279196870773924e-06
7.940000000000000000e+05 6.562880858096799882e-05 7.477576591825547627e-06
7.950000000000000000e+05 6.562821008661463840e-05 7.470769186547444526e-06
7.960000000000000000e+05 6.562813441543031328e-05 7.463767717068824928e-06
7.970000000000000000e+05 6.562818529395634203e-05 7.457544581087227454e-06
7.980000000000000000e+05 6.562821664091855875e-05 7.451995709084203092e-06
7.990000000000000000e+05 6.562843904777213987e-05 7.446945655212929608e-06
8.000000000000000000e+05 6.562988818928513178e-05 7.442207884015839399e-06
8.010000000000000000e+05 6.562977126366490409e-05 7.437617616274401517e-06
8.020000000000000000e+05 6.562976007259686655e-05 7.433015535660506921e-06
8.030000000000000000e+05 6.562978845730861610e-05 7.428422238056936165e-06
8.040000000000000000e+05 6.562984158518767887e-05 7.424252574975507012e-06
8.050000000000000000e+05 6.562989336738254389e-05 7.421423768605217358e-06
8.060000000000000000e+05 6.562994437028676865e-05 7.418973031693628223e-06
8.070000000000000000e+05 6.562999408189250437e-05 7.415425003626100855e-06
8.080000000000000000e+05 6.563004279428266436e-05 7.411080772096582291e-06
8.090000000000000000e+05 6.563009124125444046e-05 7.406416323822809458e-06
8.100000000000000000e+05 6.563013881377086902e-05 7.401697544483211322e-06
8.110000000000000000e+05 6.563018181471259784e-05 7.397069804603283996e-06
8.120000000000000000e+05 6.563021950109172102e-05 7.392594168826942361e-06
8.130000000000000000e+05 6.563024446113702279e-05 7.388301441358723208e-06
8.140000000000000000e+05 6.563022055148577281e-05 7.384183751090080675e-06
8.150000000000000000e+05 6.562973407366984270e-05 7.380279270032900309e-06
8.160000000000000000e+05 6.562940148078240767e-05 7.376472389469256379e-06
8.170000000000000000e+05 6.562979074881784293e-05 7.372467422674823439e-06
8.180000000000000000e+05 6.563013777628410857e-05 7.368229077458657697e-06
8.190000000000000000e+05 6.563039911043134274e-05 7.363951803129565445e-06
8.200000000000000000e+05 6.563059479881078390e-05 7.359545882529306447e-06
8.210000000000000000e+05 6.563074160923395011e-05 7.354636875600071067e-06
8.220000000000000000e+05 6.563065351663062907e-05 7.349696672138738822e-06
8.230000000000000000e+05 6.563091608624778731e-05 7.344544184729055576e-06
8.240000000000000000e+05 6.563134027222491604e-05 7.339105208978178217e-06
8.250000000000000000e+05 6.563305504729393931e-05 7.333906005795417160e-06
8.260000000000000000e+05 6.563423451448899347e-05 7.329036745364963031e-06
8.270000000000000000e+05 6.563302630306139989e-05 7.324472814079332031e-06
8.280000000000000000e+05 6.563154275038971170e-05 7.320190725584935484e-06
8.290000000000000000e+05 6.563251749806925622e-05 7.316131705198397408e-06
8.300000000000000000e+05 6.563131862411012384e-05 7.312228736801861639e-06
8.310000000000000000e+05 6.563107946238570941e-05 7.308345578110021883e-06
8.320000000000000000e+05 6.563099972760280557e-05 7.304219178786069647e-06
8.330000000000000000e+05 6.563101958955498997e-05 7.299337811710269929e-06
8.340000000000000000e+05 6.563107555935786546e-05 7.293323913070906759e-06
8.350000000000000000e+05 6.563112264342492517e-05 7.287261075787831302e-06
8.360000000000000000e+05 6.563149837264580042e-05 7.282018460668877731e-06
8.370000000000000000e+05 6.563187410855133772e-05 7.277589749937080573e-06
8.380000000000000000e+05 6.563205107596765822e-05 7.274067974646932030e-06
8.390000000000000000e+05 6.563214980228633663e-05 7.271106934317704794e-06
8.400000000000000000e+05 6.563221374462491610e-05 7.267578392313045651e-06
8.410000000000000000e+05 6.563225745619221372e-05 7.261427323054502927e-06
8.420000000000000000e+05 6.563230161665695454e-05 7.239697721056942638e-06
8.430000000000000000e+05 6.563240514893276532e-05 7.234157023817746547e-06
8.440000000000000000e+05 6.563327727640281997e-05 7.231528575309949819e-06
8.450000000000000000e+05 6.563336102957846585e-05 7.230154435387115049e-06
8.460000000000000000e+05 6.563309454253409328e-05 7.228947831889214251e-06
8.470000000000000000e+05 6.563294526493179681e-05 7.226439333654609321e-06
8.480000000000000000e+05 6.563284379194322927e-05 7.222343233609231723e-06
8.490000000000000000e+05 6.563276505647597302e-05 7.217329754579826726e-06
8.500000000000000000e+05 6.563269313425115119e-05 7.213568073944099930e-06
8.510000000000000000e+05 6.563262475858302732e-05 7.211735931155225484e-06
8.520000000000000000e+05 6.563255531578479521e-05 7.210258958476536300e-06
8.530000000000000000e+05 6.563247921486563621e-05 7.208372780216340929e-06
8.540000000000000000e+05 6.563238240475420873e-05 7.205926755810016417e-06
8.550000000000000000e+05 6.563221677885835732e-05 7.202663282301058470e-06
8.560000000000000000e+05 6.563165029097481839e-05 7.200567948464922327e-06
8.570000000000000000e+05 6.563078682854649746e-05 7.199007834688161183e-06
8.580000000000000000e+05 6.563099946911557709e-05 7.195853536307575464e-06
8.590000000000000000e+05 6.563054364836025021e-05 7.191638509131509203e-06
8.600000000000000000e+05 6.562963045239103533e-05 7.187607398306008819e-06
8.610000000000000000e+05 6.562873413266828737e-05 7.184882148910586315e-06
8.620000000000000000e+05 6.562811257229515674e-05 7.183395174797692622e-06
8.630000000000000000e+05 6.562772241262093502e-05 7.180667607318613605e-06
8.640000000000000000e+05 6.562359537611589934e-05 7.176130984752412961e-06
8.650000000000000000e+05 6.561918675135934109e-05 7.171440317019389528e-06
8.660000000000000000e+05 6.561715120632178808e-05 7.167966098290890036e-06
8.670000000000000000e+05 6.561641128891803319e-05 7.164045265826532758e-06
8.680000000000000000e+05 6.561631044245185918e-05 7.158618589830703785e-06
8.690000000000000000e+05 6.561798606071896317e-05 7.152185901341385932e-06
8.700000000000000000e+05 6.561739307044720893e-05 7.144917287797412602e-06
8.710000000000000000e+05 6.561661811042192598e-05 7.137355278046243160e-06
8.720000000000000000e+05 6.561501033820228701e-05 7.129893984589719062e-06
8.730000000000000000e+05 6.560876326507442059e-05 7.121471182549095238e-06
8.740000000000000000e+05 6.560108727394727609e-05 7.112443676219196365e-06
8.750000000000000000e+05 6.559794925716386986e-05 7.099875296879975490e-06
8.760000000000000000e+05 6.559634921868542283e-05 7.086205374848910215e-06
8.770000000000000000e+05 6.559712579076281812e-05 7.080077488058762759e-06
8.780000000000000000e+05 6.559843972535284119e-05 7.075896763523681186e-06
8.790000000000000000e+05 6.559941775651435185e-05 7.071663845598987415e-06
8.800000000000000000e+05 6.559996130929074886e-05 7.067264532355093745e-06
8.810000000000000000e+05 6.560019343397730006e-05 7.063020554142667232e-06
8.820000000000000000e+05 6.560020895550038597e-05 7.059113740163668120e-06
8.830000000000000000e+05 6.560007348196597718e-05 7.055593758390196167e-06
8.840000000000000000e+05 6.559994410117636664e-05 7.052737469683484132e-06
8.850000000000000000e+05 6.559581412666152373e-05 7.050589491398867801e-06
8.860000000000000000e+05 6.559405236764896349e-05 7.048109629356168464e-06
8.870000000000000000e+05 6.559440645436548107e-05 7.045280123196447391e-06
8.880000000000000000e+05 6.559422705436086364e-05 7.041902394965632252e-06
8.890000000000000000e+05 6.559371099821758374e-05 7.037735592436510718e-06
8.900000000000000000e+05 6.559284355422516095e-05 7.032912854145633206e-06
8.910000000000000000e+05 6.559405342892435289e-05 7.027791903058809320e-06
8.920000000000000000e+05 6.559469019033750876e-05 7.022734801763249575e-06
8.930000000000000000e+05 6.559475084323674286e-05 7.018010700721149279e-06
8.940000000000000000e+05 6.559416690357656717e-05 7.013528192669635922e-06
8.950000000000000000e+05 6.559425744143062295e-05 7.008745941411637700e-06
8.960000000000000000e+05 6.559337255551700181e-05 7.003887676451612297e-06
8.970000000000000000e+05 6.559442014611135182e-05 6.998979290812684359e-06
8.980000000000000000e+05 6.559424970811030475e-05 6.993972363041226882e-06
8.990000000000000000e+05 6.559410866581843178e-05 6.988793905494846097e-06
9.000000000000000000e+05 6.559393102327596434e-05 6.983602059942552314e-06
9.010000000000000000e+05 6.559346999613399187e-05 6.978595814526053879e-06
9.020000000000000000e+05 6.559130242571857171e-05 6.973844320841388198e-06
9.030000000000000000e+05 6.558577571572376836e-05 6.969425090882260931e-06
9.040000000000000000e+05 6.557725674324893375e-05 6.965411315531087023e-06
9.050000000000000000e+05 6.557022360477497919e-05 6.961780065014507124e-06
9.060000000000000000e+05 6.556352106662387193e-05 6.958466505220543133e-06
9.070000000000000000e+05 6.555647623508010580e-05 6.955449145882843182e-06
9.080000000000000000e+05 6.554368583746688877e-05 6.952818671901488081e-06
9.090000000000000000e+05 6.552673497532534718e-05 6.950746405821078047e-06
9.100000000000000000e+05 6.549734036422793148e-05 6.949335644865415915e-06
9.110000000000000000e+05 6.547638059281475880e-05 6.948049655738898638e-06
9.120000000000000000e+05 6.547534795444970995e-05 6.946564992161304478e-06
9.130000000000000000e+05 6.547643832401705091e-05 6.945031731571999243e-06
9.140000000000000000e+05 6.547772777247014677e-05 6.943538588322113392e-06
9.150000000000000000e+05 6.548062747819917754e-05 6.942179607592513556e-06
9.160000000000000000e+05 6.548142322117955641e-05 6.940834436487200307e-06
9.170000000000000000e+05 6.548357466081994327e-05 6.939177356704952495e-06
9.180000000000000000e+05 6.548395411229304772e-05 6.937108712812243912e-06
9.190000000000000000e+05 6.548379999552527884e-05 6.934679704454002811e-06
9.200000000000000000e+05 6.548403415235939224e-05 6.931989634803058555e-06
9.210000000000000000e+05 6.548484072785788117e-05 6.929077204545690144e-06
9.220000000000000000e+05 6.548538398023817696e-05 6.925878848231786728e-06
9.230000000000000000e+05 6.548605175637757471e-05 6.922318678778110702e-06
9.240000000000000000e+05 6.548735394606614610e-05 6.918485574476181058e-06
9.250000000000000000e+05 6.548782728250040304e-05 6.914726117993743953e-06
9.260000000000000000e+05 6.548770143951156857e-05 6.911318085559975670e-06
9.270000000000000000e+05 6.548771633233477641e-05 6.908312165148090552e-06
9.280000000000000000e+05 6.548770895565568842e-05 6.905554325144173284e-06
9.290000000000000000e+05 6.548770103463181201e-05 6.902942066236002365e-06
9.300000000000000000e+05 6.548742431301674796e-05 6.900443854352174362e-06
9.310000000000000000e+05 6.548758302608019164e-05 6.898111300732216768e-06
9.320000000000000000e+05 6.548786384136132208e-05 6.896104026369235131e-06
9.330000000000000000e+05 6.548853017048389706e-05 6.894538901481064943e-06
9.340000000000000000e+05 6.548891245105884959e-05 6.893431213948639181e-06
9.350000000000000000e+05 6.548927765294469900e-05 6.892738793202039905e-06
9.360000000000000000e+05 6.549037505726081358e-05 6.892135038737583466e-06
9.370000000000000000e+05 6.548974838555212026e-05 6.891370562346265733e-06
9.380000000000000000e+05 6.548959840759914410e-05 6.890397452436462307e-06
9.390000000000000000e+05 6.548957389684344145e-05 6.889333460052608456e-06
9.400000000000000000e+05 6.548947836286002095e-05 6.888219511108108206e-06
9.410000000000000000e+05 6.548910697228386426e-05 6.886552103068477379e-06
9.420000000000000000e+05 6.549045371312148755e-05 6.884090118960883303e-06
9.430000000000000000e+05 6.549138275511667763e-05 6.881099182118086411e-06
9.440000000000000000e+05 6.549272182538006925e-05 6.878214362817063930e-06
9.450000000000000000e+05 6.549311286656154694e-05 6.875306807769390385e-06
9.460000000000000000e+05 6.549332500309377797e-05 6.872325565730843455e-06
9.470000000000000000e+05 6.549347685042343720e-05 6.869248583120301515e-06
9.480000000000000000e+05 6.549359056241279252e-05 6.866100986180918802e-06
9.490000000000000000e+05 6.549368525368923243e-05 6.862856478969187659e-06
9.500000000000000000e+05 6.549379001767859977e-05 6.859006014796376036e-06
9.510000000000000000e+05 6.549404738106170032e-05 6.854548467985294059e-06
9.520000000000000000e+05 6.549491442880751608e-05 6.851299188075466366e-06
9.530000000000000000e+05 6.549516231894925210e-05 6.848968370138713736e-06
9.540000000000000000e+05 6.549518034300799230e-05 6.846932626674963303e-06
9.550000000000000000e+05 6.549519570504481667e-05 6.844922029517048042e-06
9.560000000000000000e+05 6.549524673685987511e-05 6.843044738285944597e-06
9.570000000000000000e+05 6.549541626787696159e-05 6.841450697966514397e-06
9.580000000000000000e+05 6.549622307318254998e-05 6.839986380807511115e-06
9.590000000000000000e+05 6.549653924524411787e-05 6.838479941970780880e-06
9.600000000000000000e+05 6.549657802260780285e-05 6.836831747189435941e-06
9.610000000000000000e+05 6.549653265348277429e-05 6.835059636597814371e-06
9.620000000000000000e+05 6.549646469856669311e-05 6.833219032847098667e-06
9.630000000000000000e+05 6.549639699674665865e-05 6.831382047291517537e-06
9.640000000000000000e+05 6.549633536576853279e-05 6.829550162478650760e-06
9.650000000000000000e+05 6.549627973878714520e-05 6.827677025786140448e-06
9.660000000000000000e+05 6.549623213910387635e-05 6.825714521150061398e-06
9.670000000000000000e+05 6.549618932884362964e-05 6.823610936316539655e-06
9.680000000000000000e+05 6.549615216302291567e-05 6.821360740336535423e-06
9.690000000000000000e+05 6.549611769977254695e-05 6.819047394882346633e-06
9.700000000000000000e+05 6.549608779919651326e-05 6.816755912868099348e-06
9.710000000000000000e+05 6.549606474040150042e-05 6.814361760399912755e-06
9.720000000000000000e+05 6.549605911965894088e-05 6.811633607328863689e-06
9.730000000000000000e+05 6.549618687404999131e-05 6.808368484656453424e-06
9.740000000000000000e+05 6.549628862999022660e-05 6.804768475361032275e-06
9.750000000000000000e+05 6.549630469949353924e-05 6.801285543876254071e-06
9.760000000000000000e+05 6.549682899685343399e-05 6.798209984912597731e-06
9.770000000000000000e+05 6.549735931451696911e-05 6.795727527503221018e-06
9.780000000000000000e+05 6.549723668796879827e-05 6.793727019545377972e-06
9.790000000000000000e+05 6.549751461613121620e-05 6.792015041936556890e-06
9.800000000000000000e+05 6.549744773130431559e-05 6.790481451369304020e-06
9.810000000000000000e+05 6.549726710988022110e-05 6.788903006947584674e-06
9.820000000000000000e+05 6.549706997134513767e-05 6.787100058326735964e-06
9.830000000000000000e+05 6.549680605146732365e-05 6.785044317474827165e-06
9.840000000000000000e+05 6.549570507752701214e-05 6.782799959449375594e-06
9.850000000000000000e+05 6.549501850499671123e-05 6.780455971943197635e-06
9.860000000000000000e+05 6.549576896686587274e-05 6.778016115221373182e-06
9.870000000000000000e+05 6.549627876380653734e-05 6.775472534271867369e-06
9.880000000000000000e+05 6.549655935076088376e-05 6.772749492088607201e-06
9.890000000000000000e+05 6.549674463004331935e-05 6.769775736819861863e-06
9.900000000000000000e+05 6.549701148419456308e-05 6.766526695844033912e-06
9.910000000000000000e+05 6.549760134685160009e-05 6.763061727845120627e-06
9.920000000000000000e+05 6.549764712297429284e-05 6.759318377341210158e-06
9.930000000000000000e+05 6.549776552653610963e-05 6.755296539588423391e-06
9.940000000000000000e+05 6.549863213065488382e-05 6.751476971093496417e-06
9.950000000000000000e+05 6.549952368790291544e-05 6.748171732635325941e-06
9.960000000000000000e+05 6.549935244509175170e-05 6.745385502997434620e-06
9.970000000000000000e+05 6.549919728418259271e-05 6.743116764356257088e-06
9.980000000000000000e+05 6.549912054579794371e-05 6.741221044479775169e-06
9.990000000000000000e+05 6.549918480995758419e-05 6.739628172292443147e-06
1.000000000000000000e+06 6.550012062887638749e-05 6.738190802579686068e-06
1.001000000000000000e+06 6.550373091925535015e-05 6.736617615380912475e-06
1.002000000000000000e+06 6.550353754389417549e-05 6.734632387792857280e-06
1.003000000000000000e+06 6.550296392274568345e-05 6.732447824972941813e-06
1.004000000000000000e+06 6.550244937327891453e-05 6.726562193686950996e-06
1.005000000000000000e+06 6.550204510653070402e-05 6.720526341967461566e-06
1.006000000000000000e+06 6.550174092473394201e-05 6.713346128853853463e-06
1.007000000000000000e+06 6.550151535284203397e-05 6.706251667914935945e-06
1.008000000000000000e+06 6.550134425891723951e-05 6.697176225436407108e-06
1.009000000000000000e+06 6.550120300133515142e-05 6.687731456756436962e-06
1.010000000000000000e+06 6.550101848127195495e-05 6.674073439151243742e-06
1.011000000000000000e+06 6.550068604309957363e-05 6.629096038385006977e-06
1.012000000000000000e+06 6.550067674218062476e-05 6.529007152888292963e-06
1.013000000000000000e+06 6.550086489513570081e-05 6.500098037275124987e-06
1.014000000000000000e+06 6.550100969698333727e-05 6.484693122171103379e-06
1.015000000000000000e+06 6.550097508853102996e-05 6.480867541854745987e-06
1.016000000000000000e+06 6.550091178457724908e-05 6.475466324084873027e-06
1.017000000000000000e+06 6.550085590020480206e-05 6.473476777950955291e-06
1.018000000000000000e+06 6.550081170145715358e-05 6.471641641799460794e-06
1.019000000000000000e+06 6.550077921735331359e-05 6.467461985294099976e-06
1.020000000000000000e+06 6.550075753035823189e-05 6.466746600913241187e-06
1.021000000000000000e+06 6.550074364436922069e-05 6.462587078999426559e-06
1.022000000000000000e+06 6.550073645748710912e-05 6.456688724363649580e-06
1.023000000000000000e+06 6.550073561272141834e-05 6.453480888896903117e-06
1.024000000000000000e+06 6.550074278789624709e-05 6.452452231379311192e-06
1.025000000000000000e+06 6.550076113953114251e-05 6.448030995624113170e-06
1.026000000000000000e+06 6.550080796382056988e-05 6.444420423053143427e-06
1.027000000000000000e+06 6.550102375117697784e-05 6.444132535551565645e-06
1.028000000000000000e+06 6.550187471200411764e-05 6.443556197395533732e-06
1.029000000000000000e+06 6.550210021031373144e-05 6.440423272559935285e-06
1.030000000000000000e+06 6.550208747640845193e-05 6.437168276326730759e-06
1.031000000000000000e+06 6.550204147644961858e-05 6.434692366659882748e-06
1.032000000000000000e+06 6.550200387149871352e-05 6.431864326414390295e-06
1.033000000000000000e+06 6.550198484906301442e-05 6.428719389074816611e-06
1.034000000000000000e+06 6.550199173475208195e-05 6.425487658961999513e-06
1.035000000000000000e+06 6.550221152913995870e-05 6.421956081158550928e-06
1.036000000000000000e+06 6.550220272578323347e-05 6.418348749380262464e-06
1.037000000000000000e+06 6.550197409326136957e-05 6.414895113300455864e-06
1.038000000000000000e+06 6.550185340364455405e-05 6.411067348829750136e-06
1.039000000000000000e+06 6.550180304125283398e-05 6.406459168435193346e-06
1.040000000000000000e+06 6.550178299015106383e-05 6.402231081714715250e-06
1.041000000000000000e+06 6.550177495409718583e-05 6.398660315673030749e-06
1.042000000000000000e+06 6.550177211210929677e-05 6.395889715292623729e-06
1.043000000000000000e+06 6.550177131568347814e-05 6.393758157549191842e-06
1.044000000000000000e+06 6.550177287985560980e-05 6.391971560894824369e-06
1.045000000000000000e+06 6.550177571807967746e-05 6.390263862491453627e-06
1.046000000000000000e+06 6.550177935109400412e-05 6.388588215528900333e-06
1.047000000000000000e+06 6.550178496447325882e-05 6.386756506247899414e-06
1.048000000000000000e+06 6.550179265597222650e-05 6.384220101598315881e-06
1.049000000000000000e+06 6.550180572368905700e-05 6.380585827919862420e-06
1.050000000000000000e+06 6.550185632091079545e-05 6.376427845152054856e-06
1.051000000000000000e+06 6.550196525360506771e-05 6.372275896950081047e-06
1.052000000000000000e+06 6.550202552902832437e-05 6.368301563671124037e-06
1.053000000000000000e+06 6.550205494728722315e-05 6.364923362440811696e-06
1.054000000000000000e+06 6.550207369260042684e-05 6.361943778491839220e-06
1.055000000000000000e+06 6.550209426174388836e-05 6.359095490581532347e-06
1.056000000000000000e+06 6.550211718524999926e-05 6.356814119710258232e-06
1.057000000000000000e+06 6.550214304551371810e-05 6.355590769200100999e-06
1.058000000000000000e+06 6.550216958853086484e-05 6.355198742592979431e-06
1.059000000000000000e+06 6.550219266463524668e-05 6.355243326896823646e-06
1.060000000000000000e+06 6.550220295970929829e-05 6.355587469631419804e-06
1.061000000000000000e+06 6.550216387744351365e-05 6.355977216433753020e-06
1.062000000000000000e+06 6.550184934406844670e-05 6.356041300130832816e-06
1.063000000000000000e+06 6.550241412117644856e-05 6.355517623024511065e-06
1.064000000000000000e+06 6.550126177871213283e-05 6.354326103374267241e-06
1.065000000000000000e+06 6.550034488091502479e-05 6.352549677748194635e-06
1.066000000000000000e+06 6.549993239942763622e-05 6.350466543029505427e-06
1.067000000000000000e+06 6.549994600670155389e-05 6.348346745040230158e-06
1.068000000000000000e+06 6.549990817826446159e-05 6.346370154794842873e-06
1.069000000000000000e+06 6.549983885852023516e-05 6.344680442282103048e-06
1.070000000000000000e+06 6.549981405731979448e-05 6.343387938556949770e-06
1.071000000000000000e+06 6.549997439826418723e-05 6.342566604228764579e-06
1.072000000000000000e+06 6.550086869791798150e-05 6.342228946416748465e-06
1.073000000000000000e+06 6.550060872031505943e-05 6.342393185023094979e-06
1.074000000000000000e+06 6.550055144699561734e-05 6.343076301266261201e-06
1.075000000000000000e+06 6.550102356203874911e-05 6.344187055893997024e-06
