# time | wo surface tension | w surface tension
1.000000000000000000e+03 3.955618468771157463e-04 2.238589160060972915e-04
2.000000000000000000e+03 2.942162212091213635e-04 1.364538584237538223e-04
3.000000000000000000e+03 2.523115021371740352e-04 1.063398057821815924e-04
4.000000000000000000e+03 2.281651435708819168e-04 9.030328434666811126e-05
5.000000000000000000e+03 2.095090474141722819e-04 8.156451266045592350e-05
6.000000000000000000e+03 0.000000000000000000e+00 0.000000000000000000e+00
7.000000000000000000e+03 1.860668404054880700e-04 7.289741112169788675e-05
8.000000000000000000e+03 0.000000000000000000e+00 0.000000000000000000e+00
9.000000000000000000e+03 1.638621768208935636e-04 6.770779989255669884e-05
1.000000000000000000e+04 0.000000000000000000e+00 0.000000000000000000e+00
1.100000000000000000e+04 1.498319800528387521e-04 6.341916177264974360e-05
1.200000000000000000e+04 1.457342436399007460e-04 6.137404788544572958e-05
1.300000000000000000e+04 1.421131036353347156e-04 5.916037129654597490e-05
1.400000000000000000e+04 1.378226681824043542e-04 5.785836046698145986e-05
1.500000000000000000e+04 0.000000000000000000e+00 0.000000000000000000e+00
1.600000000000000000e+04 1.321034835123375683e-04 5.576021070742199115e-05
1.700000000000000000e+04 1.298442460102719400e-04 5.528717965658146242e-05
1.800000000000000000e+04 1.279011163881260053e-04 5.442372866264937395e-05
1.900000000000000000e+04 0.000000000000000000e+00 0.000000000000000000e+00
2.000000000000000000e+04 1.240058634268838939e-04 5.314184542981769039e-05
2.100000000000000000e+04 1.228424046806412791e-04 5.229474849990201719e-05
2.200000000000000000e+04 1.210015728467083850e-04 5.109216740415545012e-05
2.300000000000000000e+04 1.196869315701584214e-04 5.065857652260357107e-05
2.400000000000000000e+04 1.185531582410309572e-04 5.030988343358388479e-05
2.500000000000000000e+04 0.000000000000000000e+00 0.000000000000000000e+00
2.600000000000000000e+04 1.149968655191417442e-04 4.894956428921182863e-05
2.700000000000000000e+04 1.132464651753689610e-04 4.785680689587387194e-05
2.800000000000000000e+04 1.124255518937099539e-04 4.696595487277566573e-05
2.900000000000000000e+04 1.110950020795436967e-04 4.644362769486901196e-05
3.000000000000000000e+04 1.103163507356192102e-04 4.614538059133730795e-05
3.100000000000000000e+04 1.097449047085489603e-04 4.573819784996389849e-05
3.200000000000000000e+04 1.092114169120875575e-04 4.538174633063173379e-05
3.300000000000000000e+04 1.087363183648938658e-04 4.458305234436296465e-05
3.400000000000000000e+04 1.073548336442776486e-04 4.413022822235322613e-05
3.500000000000000000e+04 0.000000000000000000e+00 0.000000000000000000e+00
3.600000000000000000e+04 1.061013970827609249e-04 4.357802035127231177e-05
3.700000000000000000e+04 1.056710172104117780e-04 4.333915263135299742e-05
3.800000000000000000e+04 1.051105555440274219e-04 4.294921736089932435e-05
3.900000000000000000e+04 1.047939521320144236e-04 4.194438321762509661e-05
4.000000000000000000e+04 1.044855421871598877e-04 4.122223661314142608e-05
4.100000000000000000e+04 1.041372229961169427e-04 4.092987605244181919e-05
4.200000000000000000e+04 1.034819674207044929e-04 4.072273311261920948e-05
4.300000000000000000e+04 1.025329155628389632e-04 4.052992378313012805e-05
4.400000000000000000e+04 1.019857592443409479e-04 4.025012500065802717e-05
4.500000000000000000e+04 0.000000000000000000e+00 0.000000000000000000e+00
4.600000000000000000e+04 1.014174167810419922e-04 3.977586668450742318e-05
4.700000000000000000e+04 1.011662071985285983e-04 3.953483138252363428e-05
4.800000000000000000e+04 1.009552290210390021e-04 3.887777232542417562e-05
4.900000000000000000e+04 1.007216503353679281e-04 3.867177550487884297e-05
5.000000000000000000e+04 1.004896918239220766e-04 3.852341374910386331e-05
5.100000000000000000e+04 1.003085694672912369e-04 3.839404382753170396e-05
5.200000000000000000e+04 1.001224541867472273e-04 3.826838949530936431e-05
5.300000000000000000e+04 9.996839224955583660e-05 3.812069559038311155e-05
5.400000000000000000e+04 9.981757240346266500e-05 3.793640071045279257e-05
5.500000000000000000e+04 9.966389533433080183e-05 3.763324694157444490e-05
5.600000000000000000e+04 9.949808175308062536e-05 3.724678208406003214e-05
5.700000000000000000e+04 9.931193868682767426e-05 3.704947012934270645e-05
5.800000000000000000e+04 9.917810564003929654e-05 3.688507315187952934e-05
5.900000000000000000e+04 9.907070024282841497e-05 3.677491114113824310e-05
6.000000000000000000e+04 0.000000000000000000e+00 0.000000000000000000e+00
6.100000000000000000e+04 9.882757434688535319e-05 3.640899048727072845e-05
6.200000000000000000e+04 9.872288462855062334e-05 3.604639633413104171e-05
6.300000000000000000e+04 9.864147131695273044e-05 3.590402006279834018e-05
6.400000000000000000e+04 9.859703117581005306e-05 3.577802416996116663e-05
6.500000000000000000e+04 9.850232092928599438e-05 3.565198414511714015e-05
6.600000000000000000e+04 9.823212242545713226e-05 3.551867061913520970e-05
6.700000000000000000e+04 9.804596139420009016e-05 3.532585068311212595e-05
6.800000000000000000e+04 9.779237641724564144e-05 3.484518596307266836e-05
6.900000000000000000e+04 9.774906692750423088e-05 3.468708902891917380e-05
7.000000000000000000e+04 9.770562489165444042e-05 3.456890500424418463e-05
7.100000000000000000e+04 9.763293473094529083e-05 3.440199407204311732e-05
7.200000000000000000e+04 9.732644884486132595e-05 3.407068787358695923e-05
7.300000000000000000e+04 9.721721335102239694e-05 3.392277170658024841e-05
7.400000000000000000e+04 9.712931017097738758e-05 3.380383746771078123e-05
7.500000000000000000e+04 9.650542590987670115e-05 3.369511214463868351e-05
7.600000000000000000e+04 9.557462604143976133e-05 3.356713585902772824e-05
7.700000000000000000e+04 9.530963613312198651e-05 3.351483746704459648e-05
7.800000000000000000e+04 9.513672874078080567e-05 3.345313718005298162e-05
7.900000000000000000e+04 9.498148141963846534e-05 3.338744592753453976e-05
8.000000000000000000e+04 0.000000000000000000e+00 0.000000000000000000e+00
8.100000000000000000e+04 9.468952790377490767e-05 3.322758360659371437e-05
8.200000000000000000e+04 9.459472227375456807e-05 3.307222036293255688e-05
8.300000000000000000e+04 9.442007100586729033e-05 3.297518911251393992e-05
8.400000000000000000e+04 9.377106086397032447e-05 3.275556293018344557e-05
8.500000000000000000e+04 9.357442748673409016e-05 3.258642883664787627e-05
8.600000000000000000e+04 9.348617273947131944e-05 3.227760763350542454e-05
8.700000000000000000e+04 9.333418917504304638e-05 3.218799291955597825e-05
8.800000000000000000e+04 9.317896127504818977e-05 3.213095678738381729e-05
8.900000000000000000e+04 9.276194021150092829e-05 3.207620731561275211e-05
9.000000000000000000e+04 9.261900431944936844e-05 3.200282105369855025e-05
9.100000000000000000e+04 9.253268320413374367e-05 3.192768078801244491e-05
9.200000000000000000e+04 9.243746817887160292e-05 3.184334216929882866e-05
9.300000000000000000e+04 9.233594371030056801e-05 3.155528016405775041e-05
9.400000000000000000e+04 9.182991000297055181e-05 3.128879232616573266e-05
9.500000000000000000e+04 9.156810901342842630e-05 3.116748436074358585e-05
9.600000000000000000e+04 9.147547832090419367e-05 3.107539688111435436e-05
9.700000000000000000e+04 9.138081981692534710e-05 3.098848567668941280e-05
9.800000000000000000e+04 9.130909416108390787e-05 3.090856692416177977e-05
9.900000000000000000e+04 9.124616042898136539e-05 3.083383508997685260e-05
1.000000000000000000e+05 9.119864380923676053e-05 3.076460554188411081e-05
1.010000000000000000e+05 9.113829907813440355e-05 3.069198759940249379e-05
1.020000000000000000e+05 9.088314092294092297e-05 3.057083057905740902e-05
1.030000000000000000e+05 9.063156949209392457e-05 3.043181233752167904e-05
1.040000000000000000e+05 9.058757289585365959e-05 3.037890702609903729e-05
1.050000000000000000e+05 0.000000000000000000e+00 0.000000000000000000e+00
1.060000000000000000e+05 9.044013479646558309e-05 3.027307780635235391e-05
1.070000000000000000e+05 9.009765335595362355e-05 3.020074776595659910e-05
1.080000000000000000e+05 8.992753378074759736e-05 3.015082176509141379e-05
1.090000000000000000e+05 8.985852842763809216e-05 3.010505060104846112e-05
1.100000000000000000e+05 8.980678459384727600e-05 3.006122355055611392e-05
1.110000000000000000e+05 8.976864628739073589e-05 3.001747149756196867e-05
1.120000000000000000e+05 8.971205924895955016e-05 2.997099614742027780e-05
1.130000000000000000e+05 8.953692873684080127e-05 2.991789759894816303e-05
1.140000000000000000e+05 8.942906037659952663e-05 2.985046302405997123e-05
1.150000000000000000e+05 8.935937148976673308e-05 2.965962377964909038e-05
1.160000000000000000e+05 8.933025658841850850e-05 2.943119027659994353e-05
1.170000000000000000e+05 8.932241855275698406e-05 2.935991746031051732e-05
1.180000000000000000e+05 8.930697413220598608e-05 2.925982991522525569e-05
1.190000000000000000e+05 8.928204963667990155e-05 2.907087891610780268e-05
1.200000000000000000e+05 8.925559079637498212e-05 2.903859692978509735e-05
1.210000000000000000e+05 8.924208708040049106e-05 2.900174837860857076e-05
1.220000000000000000e+05 8.921653663204345646e-05 2.893929122759719179e-05
1.230000000000000000e+05 8.918911644460680800e-05 2.872349813172602882e-05
1.240000000000000000e+05 8.914206457048198535e-05 2.863309399398661386e-05
1.250000000000000000e+05 8.905995951009765287e-05 2.838230559439390663e-05
1.260000000000000000e+05 8.869011687143481812e-05 2.830051437424294363e-05
1.270000000000000000e+05 8.848549703991447969e-05 2.826535348960574183e-05
1.280000000000000000e+05 8.840246771140873117e-05 2.823597615935615699e-05
1.290000000000000000e+05 8.832920172962604652e-05 2.820708180166276352e-05
1.300000000000000000e+05 8.824128673495736271e-05 2.817760294535667900e-05
1.310000000000000000e+05 8.810164274521722731e-05 2.814707979313835787e-05
1.320000000000000000e+05 8.738073499965282238e-05 2.811482080271300398e-05
1.330000000000000000e+05 8.696133491311370427e-05 2.808149477646536423e-05
1.340000000000000000e+05 8.686314848550141278e-05 2.804662450462402787e-05
1.350000000000000000e+05 8.679294677894920423e-05 2.800763377747070824e-05
1.360000000000000000e+05 8.673206379673334041e-05 2.796066303224584322e-05
1.370000000000000000e+05 8.667917999184796560e-05 2.790677414934030515e-05
1.380000000000000000e+05 8.662690981217993375e-05 2.784032700518731000e-05
1.390000000000000000e+05 8.658138248198715280e-05 2.770280851359699473e-05
1.400000000000000000e+05 0.000000000000000000e+00 0.000000000000000000e+00
1.410000000000000000e+05 8.650551232148372496e-05 2.722515818938442726e-05
1.420000000000000000e+05 8.643546112866328424e-05 2.714298125762440228e-05
1.430000000000000000e+05 8.609929170405650255e-05 2.709659312692563903e-05
1.440000000000000000e+05 8.585732882490860118e-05 2.705889583643603558e-05
1.450000000000000000e+05 8.573304174610039225e-05 2.702416912227815373e-05
1.460000000000000000e+05 8.565793824722312943e-05 2.699198846214071753e-05
1.470000000000000000e+05 8.561527910394912597e-05 2.696151149243168345e-05
1.480000000000000000e+05 8.557150733642881980e-05 2.692899802343276029e-05
1.490000000000000000e+05 8.553388805055371635e-05 2.689076819914451615e-05
1.500000000000000000e+05 8.550952407461334757e-05 2.683340488031372273e-05
1.510000000000000000e+05 8.548930405272652617e-05 2.679019937790975693e-05
1.520000000000000000e+05 8.546775652308293480e-05 2.675212829882955189e-05
1.530000000000000000e+05 8.544543431897679876e-05 2.671605087786284229e-05
1.540000000000000000e+05 8.542444958515774513e-05 2.668254742822713147e-05
1.550000000000000000e+05 8.540698842575289592e-05 2.664905267385518829e-05
1.560000000000000000e+05 8.537426602791615320e-05 2.661276250852319226e-05
1.570000000000000000e+05 8.533968211723737241e-05 2.656703781486922868e-05
1.580000000000000000e+05 8.532038313822907258e-05 2.650193779212690182e-05
1.590000000000000000e+05 8.529651709340278266e-05 2.624616536842150404e-05
1.600000000000000000e+05 8.525965474918697454e-05 2.598757036660351974e-05
1.610000000000000000e+05 8.521171803019531369e-05 2.568882548082830728e-05
1.620000000000000000e+05 8.517646095588290566e-05 2.563787058148610427e-05
1.630000000000000000e+05 8.512956196219912351e-05 2.561517659198154123e-05
1.640000000000000000e+05 8.506584603080479304e-05 2.559377544485581915e-05
1.650000000000000000e+05 8.495205149480612272e-05 2.557259780415865164e-05
1.660000000000000000e+05 8.484763903555725450e-05 2.555030116060069369e-05
1.670000000000000000e+05 8.476010158657974638e-05 2.552797458598228444e-05
1.680000000000000000e+05 8.471811577776576301e-05 2.550494028687434826e-05
1.690000000000000000e+05 8.470098999971401488e-05 2.547487233921779542e-05
1.700000000000000000e+05 8.469246771096737613e-05 2.543989857236024190e-05
1.710000000000000000e+05 8.467498702945093849e-05 2.541090370138503478e-05
1.720000000000000000e+05 8.465754244685835914e-05 2.538130418900045850e-05
1.730000000000000000e+05 8.464457466017853097e-05 2.533618302403767012e-05
1.740000000000000000e+05 8.463294176263705729e-05 2.528080494444175097e-05
1.750000000000000000e+05 8.462160522764954735e-05 2.513876034200116479e-05
1.760000000000000000e+05 8.461192998770119427e-05 2.478718986751552735e-05
1.770000000000000000e+05 8.460707300617055157e-05 2.474479096333383703e-05
1.780000000000000000e+05 8.459421807995712501e-05 2.469547489276526897e-05
1.790000000000000000e+05 8.458279052505983907e-05 2.462807458124178530e-05
1.800000000000000000e+05 0.000000000000000000e+00 0.000000000000000000e+00
1.810000000000000000e+05 8.454101339148203118e-05 2.417245507867568931e-05
1.820000000000000000e+05 8.453010979901829877e-05 2.402552820626355326e-05
1.830000000000000000e+05 8.452461215435592523e-05 2.362253890534237027e-05
1.840000000000000000e+05 8.450827772509675643e-05 2.347472001755542743e-05
1.850000000000000000e+05 8.448898444702663190e-05 2.337912722784686703e-05
1.860000000000000000e+05 8.446560937847493876e-05 2.330187703382681136e-05
1.870000000000000000e+05 8.445117541054968709e-05 2.322893814220007526e-05
1.880000000000000000e+05 8.444284732223020424e-05 2.315146793706647453e-05
1.890000000000000000e+05 8.443208874009407010e-05 2.303849273905405910e-05
1.900000000000000000e+05 8.440443301950369061e-05 2.274851638420055634e-05
1.910000000000000000e+05 8.436874907144986321e-05 2.264441119753792209e-05
1.920000000000000000e+05 8.433139248721602970e-05 2.257018322725717080e-05
1.930000000000000000e+05 8.432618092373937453e-05 2.251193586363155343e-05
1.940000000000000000e+05 8.431889965312277949e-05 2.245911501749815319e-05
1.950000000000000000e+05 8.430841849670732001e-05 2.241103519423835825e-05
1.960000000000000000e+05 8.429901029440229395e-05 2.236689741082294229e-05
1.970000000000000000e+05 8.428560297848327579e-05 2.232047235889861460e-05
1.980000000000000000e+05 8.427178845757943835e-05 2.227326317914929570e-05
1.990000000000000000e+05 8.425729441539022324e-05 2.222545917371774362e-05
2.000000000000000000e+05 8.424273444623212731e-05 2.217461742171079176e-05
2.010000000000000000e+05 8.423110988517111249e-05 2.211880231222982017e-05
2.020000000000000000e+05 8.421996146234730658e-05 2.203413852764202744e-05
2.030000000000000000e+05 8.419986090192258356e-05 2.172836657657500585e-05
2.040000000000000000e+05 8.416360219553692618e-05 2.157711113680794768e-05
2.050000000000000000e+05 8.412919420753954287e-05 2.146850623608457170e-05
2.060000000000000000e+05 8.413369966768675934e-05 2.136273810086231360e-05
2.070000000000000000e+05 8.414342702581112539e-05 2.103932353619046989e-05
2.080000000000000000e+05 8.414611728391156319e-05 2.082060079463479984e-05
2.090000000000000000e+05 8.414740749135282759e-05 2.070585690585483591e-05
2.100000000000000000e+05 8.414921834873467896e-05 2.062102654837922911e-05
2.110000000000000000e+05 8.414708788715724748e-05 2.054525672409738483e-05
2.120000000000000000e+05 8.414272004081735693e-05 2.048368696805021827e-05
2.130000000000000000e+05 8.413638436831481391e-05 2.043177111027144209e-05
2.140000000000000000e+05 8.412790414729300775e-05 2.038492636095588702e-05
2.150000000000000000e+05 8.411809892850535819e-05 2.033991937818725829e-05
2.160000000000000000e+05 8.411036386063073210e-05 2.029606474715724455e-05
2.170000000000000000e+05 8.410624841829732342e-05 2.025237211797562592e-05
2.180000000000000000e+05 8.410179878581695075e-05 2.021099535016937989e-05
2.190000000000000000e+05 8.409829803879387386e-05 2.017192801272756352e-05
2.200000000000000000e+05 8.409303716192217644e-05 2.013230211584586624e-05
2.210000000000000000e+05 8.408757974645049557e-05 2.009145411590184904e-05
2.220000000000000000e+05 8.408233879972441252e-05 2.005115032903576099e-05
2.230000000000000000e+05 8.407634520498032300e-05 2.001279901425491041e-05
2.240000000000000000e+05 8.407058974965194538e-05 1.997756051068560039e-05
2.250000000000000000e+05 8.406682325321165905e-05 1.994487418309613431e-05
2.260000000000000000e+05 8.406152325849521533e-05 1.991219284052736185e-05
2.270000000000000000e+05 8.405796458436527448e-05 1.987789856574723348e-05
2.280000000000000000e+05 8.405658552210251960e-05 1.984015034129871588e-05
2.290000000000000000e+05 8.405262105706440604e-05 1.979331082784033913e-05
2.300000000000000000e+05 8.405178042252884588e-05 1.965183167202628274e-05
2.310000000000000000e+05 8.405286057147706312e-05 1.956447381207239921e-05
2.320000000000000000e+05 8.404975525276925439e-05 1.952230621034368248e-05
2.330000000000000000e+05 8.404241229459889903e-05 1.948567475066051771e-05
2.340000000000000000e+05 8.403414836059746392e-05 1.945526372584367310e-05
2.350000000000000000e+05 8.402714486169132768e-05 1.942560591063845663e-05
2.360000000000000000e+05 8.402075772689655267e-05 1.939615750488686118e-05
2.370000000000000000e+05 8.401600139865108218e-05 1.936757248320923418e-05
2.380000000000000000e+05 8.401147874052425303e-05 1.934111489874735309e-05
2.390000000000000000e+05 8.400475895120468870e-05 1.931546499004486504e-05
2.400000000000000000e+05 8.399440651553379596e-05 1.928988892259608589e-05
2.410000000000000000e+05 8.398572673884525312e-05 1.926362038889879719e-05
2.420000000000000000e+05 8.397863895925883598e-05 1.923284172923954682e-05
2.430000000000000000e+05 8.397016715970851710e-05 1.917309369965915721e-05
2.440000000000000000e+05 8.396369696922438152e-05 1.913022778657738935e-05
2.450000000000000000e+05 8.395889877235001295e-05 1.910086442948495260e-05
2.460000000000000000e+05 8.395208666992584623e-05 1.907383653650580890e-05
2.470000000000000000e+05 8.394227144668081045e-05 1.904786822480677953e-05
2.480000000000000000e+05 8.392072662047248661e-05 1.902213782636716268e-05
2.490000000000000000e+05 8.389225779043075538e-05 1.899812865868228656e-05
2.500000000000000000e+05 0.000000000000000000e+00 0.000000000000000000e+00
2.510000000000000000e+05 8.379018410317702137e-05 1.895559132497747911e-05
2.520000000000000000e+05 8.361057686761268648e-05 1.893674696306288510e-05
2.530000000000000000e+05 8.288336476087036536e-05 1.891850407381971704e-05
2.540000000000000000e+05 8.269060089411328553e-05 1.889874790268162045e-05
2.550000000000000000e+05 8.255921254454268252e-05 1.887782281261660025e-05
2.560000000000000000e+05 8.246545281013802217e-05 1.885523034113097010e-05
2.570000000000000000e+05 8.238437019426360624e-05 1.882246053205163531e-05
2.580000000000000000e+05 8.233301668008148253e-05 1.874673949002800917e-05
2.590000000000000000e+05 8.229405942052125998e-05 1.872858802524249601e-05
2.600000000000000000e+05 8.224914493114217915e-05 1.871020912864267195e-05
2.610000000000000000e+05 8.219071817715359503e-05 1.869116681790168022e-05
2.620000000000000000e+05 8.215965889895858487e-05 1.866849061502467535e-05
2.630000000000000000e+05 8.213925697926705645e-05 1.864750558405445628e-05
2.640000000000000000e+05 8.211773766592056175e-05 1.862845553260980070e-05
2.650000000000000000e+05 8.209765747246305250e-05 1.860753546992390114e-05
2.660000000000000000e+05 8.206831282800694852e-05 1.858478159279588958e-05
2.670000000000000000e+05 8.201631784211790908e-05 1.856264162018842983e-05
2.680000000000000000e+05 8.187234173815905673e-05 1.854326727061762344e-05
2.690000000000000000e+05 8.184050984039279320e-05 1.852556687983365232e-05
2.700000000000000000e+05 8.183704210655836178e-05 1.850943897151400351e-05
2.710000000000000000e+05 8.183877364119523966e-05 1.849395421025699319e-05
2.720000000000000000e+05 8.184411357346807849e-05 1.847833989548064901e-05
2.730000000000000000e+05 8.184845923409242408e-05 1.846217279981020410e-05
2.740000000000000000e+05 8.185581516881602882e-05 1.844611094050472720e-05
2.750000000000000000e+05 8.186043135905080644e-05 1.843031039115429178e-05
2.760000000000000000e+05 8.186385454846464979e-05 1.841252102657967815e-05
2.770000000000000000e+05 8.186732305691042687e-05 1.838841748886129942e-05
2.780000000000000000e+05 8.186975185376293507e-05 1.836469072126964555e-05
2.790000000000000000e+05 8.187203670140633680e-05 1.834810068300286358e-05
2.800000000000000000e+05 8.187074282215426506e-05 1.833424177016998961e-05
2.810000000000000000e+05 8.187113940976039044e-05 1.832072747143303543e-05
2.820000000000000000e+05 8.186763162656384406e-05 1.830635956595087700e-05
2.830000000000000000e+05 8.184966157967275390e-05 1.829063510347377837e-05
2.840000000000000000e+05 8.183003677490916178e-05 1.827439700729146716e-05
2.850000000000000000e+05 8.174649221919488677e-05 1.825845666776717999e-05
2.860000000000000000e+05 8.148838105517054774e-05 1.824374457929071479e-05
2.870000000000000000e+05 8.145597161683586847e-05 1.823058523805159661e-05
2.880000000000000000e+05 8.142207258934896792e-05 1.821813786252092317e-05
2.890000000000000000e+05 8.137803971915363117e-05 1.820524080504848448e-05
2.900000000000000000e+05 8.134738353659414552e-05 1.819179229914646571e-05
2.910000000000000000e+05 8.132488623649827310e-05 1.817774060903652646e-05
2.920000000000000000e+05 8.130378576805463102e-05 1.816280754258521720e-05
2.930000000000000000e+05 8.128089754843564733e-05 1.814744000791634063e-05
2.940000000000000000e+05 8.125990042308651735e-05 1.813207855794084146e-05
2.950000000000000000e+05 8.124079520582527531e-05 1.811681237013237653e-05
2.960000000000000000e+05 8.122403306766234421e-05 1.810191750733204744e-05
2.970000000000000000e+05 8.120522825707738917e-05 1.808784825305978473e-05
2.980000000000000000e+05 8.119120449988317565e-05 1.807463369381744848e-05
2.990000000000000000e+05 8.117712103221534962e-05 1.806181834962909135e-05
3.000000000000000000e+05 8.115630923867788457e-05 1.804874855239307880e-05
3.010000000000000000e+05 8.112977876011213062e-05 1.803541510832830182e-05
3.020000000000000000e+05 8.111218603787175865e-05 1.802192599862747000e-05
3.030000000000000000e+05 8.109413250301480600e-05 1.800789584155848232e-05
3.040000000000000000e+05 8.105612978568202973e-05 1.799410690306141959e-05
3.050000000000000000e+05 8.101478624226845571e-05 1.798108709621230487e-05
3.060000000000000000e+05 8.097640350712641245e-05 1.796874889008680617e-05
3.070000000000000000e+05 8.096120828461489676e-05 1.795691775214405827e-05
3.080000000000000000e+05 8.094628944289777102e-05 1.794517584612563657e-05
3.090000000000000000e+05 8.091866007250529409e-05 1.793261848099968116e-05
3.100000000000000000e+05 8.088237815823722996e-05 1.791873993323625102e-05
3.110000000000000000e+05 8.083429887628588138e-05 1.790236925566321565e-05
3.120000000000000000e+05 8.082326244499197609e-05 1.788209338445416382e-05
3.130000000000000000e+05 8.081772856106229181e-05 1.785486486941716063e-05
3.140000000000000000e+05 8.081320207515058540e-05 1.780331320630574175e-05
3.150000000000000000e+05 8.080919599291252412e-05 1.756343329573162515e-05
3.160000000000000000e+05 8.080456632301026391e-05 1.747502787113494968e-05
3.170000000000000000e+05 8.079994535114336479e-05 1.742544573103347986e-05
3.180000000000000000e+05 8.079398251229310580e-05 1.739040752822218158e-05
3.190000000000000000e+05 8.078983888876918877e-05 1.736310447549368560e-05
3.200000000000000000e+05 0.000000000000000000e+00 0.000000000000000000e+00
3.210000000000000000e+05 8.078646301673664113e-05 1.732043832345497571e-05
3.220000000000000000e+05 8.078267714664719905e-05 1.730259777375795432e-05
3.230000000000000000e+05 8.077562293024967183e-05 1.728875062989540014e-05
3.240000000000000000e+05 8.070029111521684947e-05 1.727294178047917054e-05
3.250000000000000000e+05 8.052428265033147485e-05 1.725745377867648729e-05
3.260000000000000000e+05 8.049961143551594991e-05 1.724462689400345713e-05
3.270000000000000000e+05 8.049039680878682123e-05 1.723375367767621992e-05
3.280000000000000000e+05 8.048489817985842072e-05 1.722103021290557210e-05
3.290000000000000000e+05 8.048004975306176628e-05 1.720928598157206953e-05
3.300000000000000000e+05 8.047463511048761394e-05 1.719880170148373004e-05
3.310000000000000000e+05 8.047441512888222682e-05 1.718943705619900941e-05
3.320000000000000000e+05 8.047520900107601256e-05 1.718026271411452618e-05
3.330000000000000000e+05 8.047736588348214436e-05 1.717004199357934947e-05
3.340000000000000000e+05 8.047456058303691551e-05 1.715905258198132028e-05
3.350000000000000000e+05 8.047426359908304758e-05 1.714854704008459633e-05
3.360000000000000000e+05 8.047500389166084252e-05 1.713830533215610156e-05
3.370000000000000000e+05 8.047860160895979045e-05 1.712800810831391246e-05
3.380000000000000000e+05 8.047871984330000979e-05 1.711779140735850298e-05
3.390000000000000000e+05 8.048415987285759826e-05 1.710762175349984509e-05
3.400000000000000000e+05 8.048455802336962914e-05 1.709715680957653625e-05
3.410000000000000000e+05 8.047799688571958469e-05 1.708624392248045897e-05
3.420000000000000000e+05 8.047789109208835080e-05 1.707459462111234774e-05
3.430000000000000000e+05 8.047624153173076620e-05 1.706236523104404410e-05
3.440000000000000000e+05 8.047226988534941826e-05 1.705041633228689748e-05
3.450000000000000000e+05 8.047144588776053409e-05 1.703918610672267459e-05
3.460000000000000000e+05 8.047070707032089314e-05 1.702789856384043205e-05
3.470000000000000000e+05 8.046744508556180446e-05 1.701542089464156345e-05
3.480000000000000000e+05 8.046494108899704856e-05 1.700185252539698937e-05
3.490000000000000000e+05 8.046321136260136308e-05 1.698764576603236851e-05
3.500000000000000000e+05 8.046236211466315500e-05 1.697277606445756290e-05
3.510000000000000000e+05 8.046139614423209688e-05 1.695623554492714166e-05
3.520000000000000000e+05 8.045651258801379976e-05 1.693858346368082535e-05
3.530000000000000000e+05 8.045328330452561501e-05 1.692022051781780608e-05
3.540000000000000000e+05 8.045080711965128264e-05 1.690027276053153189e-05
3.550000000000000000e+05 8.045054276199637539e-05 1.687669964442155613e-05
3.560000000000000000e+05 8.045019943101532566e-05 1.684086566192728745e-05
3.570000000000000000e+05 8.045209446624372791e-05 1.675979027868179939e-05
3.580000000000000000e+05 8.045253162299692117e-05 1.639853840405818160e-05
3.590000000000000000e+05 8.045400629755941049e-05 1.628174943490175622e-05
3.600000000000000000e+05 8.045176046664656968e-05 1.622052989520546360e-05
3.610000000000000000e+05 8.044606358408277764e-05 1.617576898188752220e-05
3.620000000000000000e+05 8.044070283158317059e-05 1.613683551711901512e-05
3.630000000000000000e+05 8.043445207554984246e-05 1.608865792846252707e-05
3.640000000000000000e+05 8.041021521224233888e-05 1.606245259272282735e-05
3.650000000000000000e+05 8.034011736265722408e-05 1.604621976358097524e-05
3.660000000000000000e+05 7.975465010426388806e-05 1.603528442109625147e-05
3.670000000000000000e+05 7.957994939291498340e-05 1.602968901248503179e-05
3.680000000000000000e+05 7.951267521069850389e-05 1.601402267251687516e-05
3.690000000000000000e+05 7.947523209830306787e-05 1.599974971226638277e-05
3.700000000000000000e+05 7.945261916773395437e-05 1.598760755836843702e-05
3.710000000000000000e+05 7.943650187119216351e-05 1.598160018262028269e-05
3.720000000000000000e+05 7.942937228351418461e-05 1.597436968670046177e-05
3.730000000000000000e+05 7.942331618044664015e-05 1.596872255870241222e-05
3.740000000000000000e+05 7.941880500350602487e-05 1.595967948562493569e-05
3.750000000000000000e+05 7.941450609293108118e-05 1.594840577348982828e-05
3.760000000000000000e+05 7.941013666127840409e-05 1.593734588022811810e-05
3.770000000000000000e+05 7.940544214261255069e-05 1.593003940998348410e-05
3.780000000000000000e+05 7.940430531818107080e-05 1.592552661288184579e-05
3.790000000000000000e+05 7.939991562756101135e-05 1.592327556778959868e-05
3.800000000000000000e+05 7.939340823780269719e-05 1.591978242034521653e-05
3.810000000000000000e+05 7.938182362327456673e-05 1.591315164929816217e-05
3.820000000000000000e+05 7.937047803092179318e-05 1.590714515384759572e-05
3.830000000000000000e+05 7.935520457969980784e-05 1.590173947596181003e-05
3.840000000000000000e+05 7.934290219379600299e-05 1.589747092205882222e-05
3.850000000000000000e+05 7.933477165403062751e-05 1.589182147289131160e-05
3.860000000000000000e+05 7.932556016800236011e-05 1.588465123753587854e-05
3.870000000000000000e+05 7.931442805444955876e-05 1.587842093933947908e-05
3.880000000000000000e+05 7.929752843394868140e-05 1.587370756620681652e-05
3.890000000000000000e+05 7.928018842867854397e-05 1.586901936540806052e-05
3.900000000000000000e+05 7.924119171748692013e-05 1.586328670449634634e-05
3.910000000000000000e+05 7.917973384466864837e-05 1.585699595816894572e-05
3.920000000000000000e+05 7.907718502431755159e-05 1.585151967090491512e-05
3.930000000000000000e+05 7.905062381036111110e-05 1.584527451823521918e-05
3.940000000000000000e+05 7.903640518685614721e-05 1.583757153107497677e-05
3.950000000000000000e+05 7.900787769661673143e-05 1.582927899729852421e-05
3.960000000000000000e+05 7.897941237747746577e-05 1.582168043376187578e-05
3.970000000000000000e+05 7.896875772317579604e-05 1.581571605440118788e-05
3.980000000000000000e+05 7.895199902306106448e-05 1.581179053134253040e-05
3.990000000000000000e+05 7.893807267254705263e-05 1.580757155243887085e-05
4.000000000000000000e+05 7.892854193611832333e-05 1.580291333030180186e-05
4.010000000000000000e+05 7.890592136551708889e-05 1.579942473960360493e-05
4.020000000000000000e+05 7.888378860536531879e-05 1.579288077542948917e-05
4.030000000000000000e+05 7.885918389544051320e-05 1.578458693869585396e-05
4.040000000000000000e+05 7.883262048964483331e-05 1.577617425047506458e-05
4.050000000000000000e+05 7.881698039229592309e-05 1.576784450563646227e-05
4.060000000000000000e+05 7.879405847738657996e-05 1.575717884228951395e-05
4.070000000000000000e+05 7.876364652754659201e-05 1.573779732370550480e-05
4.080000000000000000e+05 7.873430676130590048e-05 1.572353182575477246e-05
4.090000000000000000e+05 7.870276636081957773e-05 1.571180773394997631e-05
4.100000000000000000e+05 7.865271144869930193e-05 1.570133719325172511e-05
4.110000000000000000e+05 7.857389621365672128e-05 1.569068167731459216e-05
4.120000000000000000e+05 7.851259943577579324e-05 1.567516929713654952e-05
4.130000000000000000e+05 7.815512511907792622e-05 1.565153896016686704e-05
4.140000000000000000e+05 7.783337255338507209e-05 1.561224862695065069e-05
4.150000000000000000e+05 7.773621418705810673e-05 1.559487531844993798e-05
4.160000000000000000e+05 7.768203270809798198e-05 1.558276393155731278e-05
4.170000000000000000e+05 7.765719039014065662e-05 1.557380179558011309e-05
4.180000000000000000e+05 7.763953878741613741e-05 1.556637053245008619e-05
4.190000000000000000e+05 7.762481531708778355e-05 1.555983925621055945e-05
4.200000000000000000e+05 7.761173204239343165e-05 1.555463560200806490e-05
4.210000000000000000e+05 7.759908354755781540e-05 1.555037075433526815e-05
4.220000000000000000e+05 7.758751099428467450e-05 1.554660730639492104e-05
4.230000000000000000e+05 7.757427050384722660e-05 1.554389784330778495e-05
4.240000000000000000e+05 7.755720327556072074e-05 1.554083108279142293e-05
4.250000000000000000e+05 7.754904746716191394e-05 1.553670819939963823e-05
4.260000000000000000e+05 7.754163300748046644e-05 1.553174642588365785e-05
4.270000000000000000e+05 7.753303001049813303e-05 1.552570641486839854e-05
4.280000000000000000e+05 7.752187546014058467e-05 1.551868724705817779e-05
4.290000000000000000e+05 7.751140011681547715e-05 1.551046101806081255e-05
4.300000000000000000e+05 0.000000000000000000e+00 0.000000000000000000e+00
4.310000000000000000e+05 7.748574416846526090e-05 1.548598785042553603e-05
4.320000000000000000e+05 7.747193158208347827e-05 1.545856661962861431e-05
4.330000000000000000e+05 7.746149877669054537e-05 1.542500870686893441e-05
4.340000000000000000e+05 7.744776082288306685e-05 1.540973352913077173e-05
4.350000000000000000e+05 7.743257203138104400e-05 1.539890237736714866e-05
4.360000000000000000e+05 7.741087812597437971e-05 1.539040153811701965e-05
4.370000000000000000e+05 7.735542610899851629e-05 1.538334914209532627e-05
4.380000000000000000e+05 7.697246073118251561e-05 1.537755696227126431e-05
4.390000000000000000e+05 7.661676156347959612e-05 1.537318585438393904e-05
4.400000000000000000e+05 7.650995622610312326e-05 1.537057654701872833e-05
4.410000000000000000e+05 7.643281314637970063e-05 1.536924019966181139e-05
4.420000000000000000e+05 7.637362354593211426e-05 1.536793348995869952e-05
4.430000000000000000e+05 7.632636611141493466e-05 1.536647654447790510e-05
4.440000000000000000e+05 7.628391990020412104e-05 1.536479122305939890e-05
4.450000000000000000e+05 7.624892266147969525e-05 1.536285896623374586e-05
4.460000000000000000e+05 7.621891753998146033e-05 1.536070307986121906e-05
4.470000000000000000e+05 7.619282425930849029e-05 1.535843968821166947e-05
4.480000000000000000e+05 7.617171621953322503e-05 1.535616898865818037e-05
4.490000000000000000e+05 7.615059740497600064e-05 1.535365196389947316e-05
4.500000000000000000e+05 7.613558957442526608e-05 1.535099632726712876e-05
4.510000000000000000e+05 7.611323811343320787e-05 1.534882810610352225e-05
4.520000000000000000e+05 7.609250269389157485e-05 1.534773340204588829e-05
4.530000000000000000e+05 7.607847251634561651e-05 1.534739057609123172e-05
4.540000000000000000e+05 7.606895954399732279e-05 1.534685521266583325e-05
4.550000000000000000e+05 7.605916585855520022e-05 1.534553955855710416e-05
4.560000000000000000e+05 7.605036367561051930e-05 1.534333042929082058e-05
4.570000000000000000e+05 7.604292840344616339e-05 1.534037057053222583e-05
4.580000000000000000e+05 7.603747870566251630e-05 1.533699731667888407e-05
4.590000000000000000e+05 7.603059197837383422e-05 1.533334878366233555e-05
4.600000000000000000e+05 7.602169083047982646e-05 1.532958632658640885e-05
4.610000000000000000e+05 7.601384701631943392e-05 1.532554983072606031e-05
4.620000000000000000e+05 7.600452038797488497e-05 1.532066577761927634e-05
4.630000000000000000e+05 7.599731519324618876e-05 1.531528024426371995e-05
4.640000000000000000e+05 7.598945534867548000e-05 1.530996392821842563e-05
4.650000000000000000e+05 7.597990808645531391e-05 1.530473709476774417e-05
4.660000000000000000e+05 7.597087907670016548e-05 1.529958234033417135e-05
4.670000000000000000e+05 7.596392245497949865e-05 1.529460474756237019e-05
4.680000000000000000e+05 7.595257149995587355e-05 1.529015995818257834e-05
4.690000000000000000e+05 7.593904851729157642e-05 1.528584388824267854e-05
4.700000000000000000e+05 7.592497900287815515e-05 1.528049582799824343e-05
4.710000000000000000e+05 7.587443782986955359e-05 1.527456462321925907e-05
4.720000000000000000e+05 7.580979631246791606e-05 1.526854444497507583e-05
4.730000000000000000e+05 7.575831275070073266e-05 1.526331900853007445e-05
4.740000000000000000e+05 7.566874206742547362e-05 1.526007614963782724e-05
4.750000000000000000e+05 7.489200834444857289e-05 1.525897506147297133e-05
4.760000000000000000e+05 7.457670637987231848e-05 1.525822672087548417e-05
4.770000000000000000e+05 7.447828049593604918e-05 1.525686233048512280e-05
4.780000000000000000e+05 7.444374903245055811e-05 1.525509484667004203e-05
4.790000000000000000e+05 7.441983393148519379e-05 1.525319440146498408e-05
4.800000000000000000e+05 7.439828735612461462e-05 1.525137489848105754e-05
4.810000000000000000e+05 7.437971667072614196e-05 1.524972901100501123e-05
4.820000000000000000e+05 7.436776343479765332e-05 1.524794119782125730e-05
4.830000000000000000e+05 7.435571451968472716e-05 1.524563923614242161e-05
4.840000000000000000e+05 7.434473140103643404e-05 1.524248500679305598e-05
4.850000000000000000e+05 7.433617136863438554e-05 1.523838205861336409e-05
4.860000000000000000e+05 7.433119264374794919e-05 1.523381740505211887e-05
4.870000000000000000e+05 7.432650109072394735e-05 1.522944582083760126e-05
4.880000000000000000e+05 7.432148663780760141e-05 1.522525584930477599e-05
4.890000000000000000e+05 7.431663152579904685e-05 1.521910907315102332e-05
4.900000000000000000e+05 7.431283652620135241e-05 1.520752473758009044e-05
4.910000000000000000e+05 7.430679585725558913e-05 1.517750053459306916e-05
4.920000000000000000e+05 7.429875918704589681e-05 1.516196218847053390e-05
4.930000000000000000e+05 7.429296141529088417e-05 1.515306598077349319e-05
4.940000000000000000e+05 7.428935817661862001e-05 1.514525842418178643e-05
4.950000000000000000e+05 7.428624834158168745e-05 1.513842043171996093e-05
4.960000000000000000e+05 7.428315464069664429e-05 1.513263364194811037e-05
4.970000000000000000e+05 7.428026524429130718e-05 1.512774719091960789e-05
4.980000000000000000e+05 7.427719377290755765e-05 1.512356368319231545e-05
4.990000000000000000e+05 7.427439145480044659e-05 1.511977301612196259e-05
5.000000000000000000e+05 7.427150104344357249e-05 1.511614363117972470e-05
5.010000000000000000e+05 7.426804294229102737e-05 1.511264662322681613e-05
5.020000000000000000e+05 7.426559450974620931e-05 1.510924630909391336e-05
5.030000000000000000e+05 7.426380050659799710e-05 1.510589214041856254e-05
5.040000000000000000e+05 7.426153213327219233e-05 1.510259227920700266e-05
5.050000000000000000e+05 7.425909259537365138e-05 1.509938635502280590e-05
5.060000000000000000e+05 7.425650084336165874e-05 1.509637258267491317e-05
5.070000000000000000e+05 7.425328564927084741e-05 1.509393846463154290e-05
5.080000000000000000e+05 7.425103509217423391e-05 1.509234819725319820e-05
5.090000000000000000e+05 7.424915572456938870e-05 1.509149128788933261e-05
5.100000000000000000e+05 7.424736113171670308e-05 1.509106805671177405e-05
5.110000000000000000e+05 7.424539627776160014e-05 1.509065783984865613e-05
5.120000000000000000e+05 7.424394654362622152e-05 1.509003526323193632e-05
5.130000000000000000e+05 7.424227165520708941e-05 1.508913722583008542e-05
5.140000000000000000e+05 7.424094489684138784e-05 1.508795824976535087e-05
5.150000000000000000e+05 7.423890624998357476e-05 1.508653903334985248e-05
5.160000000000000000e+05 7.423785229671158738e-05 1.508450899896747763e-05
5.170000000000000000e+05 7.423731705923380822e-05 1.508176012627797647e-05
5.180000000000000000e+05 7.423584125172113992e-05 1.507860934517534625e-05
5.190000000000000000e+05 7.423401205001091288e-05 1.507532077596692282e-05
5.200000000000000000e+05 7.423212724634223715e-05 1.507197038128191363e-05
5.210000000000000000e+05 7.423019812989738891e-05 1.506855037845632653e-05
5.220000000000000000e+05 7.422796484507080187e-05 1.506518197739113391e-05
5.230000000000000000e+05 7.422658077187039151e-05 1.506209023773745930e-05
5.240000000000000000e+05 7.422494368842278789e-05 1.505951109126940654e-05
5.250000000000000000e+05 7.422292252544967616e-05 1.505779020717379571e-05
5.260000000000000000e+05 7.422136592813835586e-05 1.505729878973493108e-05
5.270000000000000000e+05 7.421998793598894571e-05 1.505777189322857318e-05
5.280000000000000000e+05 7.421854058338952132e-05 1.505849669563154129e-05
5.290000000000000000e+05 7.421681939850114035e-05 1.505938101646561225e-05
5.300000000000000000e+05 7.421516474821504995e-05 1.505980648937845637e-05
5.310000000000000000e+05 7.421352577170258564e-05 1.505936033023866176e-05
5.320000000000000000e+05 7.421165398801600217e-05 1.505826931363255093e-05
5.330000000000000000e+05 7.420952806871773471e-05 1.505659378022536653e-05
5.340000000000000000e+05 7.420804649611987983e-05 1.505434505489998709e-05
5.350000000000000000e+05 7.420679549246745807e-05 1.505170292315222955e-05
5.360000000000000000e+05 7.420567433207917439e-05 1.504887645993229219e-05
5.370000000000000000e+05 7.420556030922182919e-05 1.504596297839532699e-05
5.380000000000000000e+05 7.420495947605075776e-05 1.504291132750729450e-05
5.390000000000000000e+05 7.420152611899964734e-05 1.503986308537474476e-05
5.400000000000000000e+05 7.419913340803442853e-05 1.503699571815480556e-05
5.410000000000000000e+05 7.419800824138814588e-05 1.503436515388303747e-05
5.420000000000000000e+05 7.419710026119983605e-05 1.503200098876575507e-05
5.430000000000000000e+05 7.419690585975293731e-05 1.502979287170288461e-05
5.440000000000000000e+05 7.419898313231563917e-05 1.502755451112168027e-05
5.450000000000000000e+05 7.419798131807516092e-05 1.502515547718299205e-05
5.460000000000000000e+05 7.419524824725776916e-05 1.502249846952602102e-05
5.470000000000000000e+05 7.419299313736189665e-05 1.501953936677575662e-05
5.480000000000000000e+05 7.419165914992264057e-05 1.501640762722090593e-05
5.490000000000000000e+05 7.419234566793524470e-05 1.501328949396494142e-05
5.500000000000000000e+05 7.419183469095317750e-05 1.501011271898140821e-05
5.510000000000000000e+05 7.419023518907849157e-05 1.500644934494401173e-05
5.520000000000000000e+05 7.418827498223996961e-05 1.500221880726423304e-05
5.530000000000000000e+05 7.418668523439435683e-05 1.499740255658569378e-05
5.540000000000000000e+05 7.418543575403533513e-05 1.499225488023481556e-05
5.550000000000000000e+05 7.418544820920215655e-05 1.498684111523155889e-05
5.560000000000000000e+05 7.418427624803298679e-05 1.498059454777604312e-05
5.570000000000000000e+05 7.418263477129619749e-05 1.497171493040986559e-05
5.580000000000000000e+05 7.417933936940117486e-05 1.495057571752979916e-05
5.590000000000000000e+05 7.417608800437229262e-05 1.493782932074412352e-05
5.600000000000000000e+05 7.416837125290583047e-05 1.493213613457965825e-05
5.610000000000000000e+05 7.416726369705276976e-05 1.492765470457232263e-05
5.620000000000000000e+05 7.416422629572433671e-05 1.492336083639704664e-05
5.630000000000000000e+05 7.415974457786607106e-05 1.491916502631161008e-05
5.640000000000000000e+05 7.415444671435988825e-05 1.491514432377826371e-05
5.650000000000000000e+05 7.414889009876858529e-05 1.491136993904710306e-05
5.660000000000000000e+05 7.414259823593292824e-05 1.490786231543231441e-05
5.670000000000000000e+05 7.412932262485858576e-05 1.490462751934925622e-05
5.680000000000000000e+05 7.411932273258479682e-05 1.490160030874019883e-05
5.690000000000000000e+05 7.410818421834698688e-05 1.489871304374523585e-05
5.700000000000000000e+05 0.000000000000000000e+00 0.000000000000000000e+00
5.710000000000000000e+05 7.409724997414676153e-05 1.489305365503948856e-05
5.720000000000000000e+05 7.409259184420506823e-05 1.489015100456520889e-05
5.730000000000000000e+05 7.409069591875024259e-05 1.488724970536189202e-05
5.740000000000000000e+05 7.408958343451851317e-05 1.488462340568145056e-05
5.750000000000000000e+05 7.408575465546362779e-05 1.488199821979102330e-05
5.760000000000000000e+05 7.408865121751479496e-05 1.487930937361366775e-05
5.770000000000000000e+05 7.408871710580099568e-05 1.487670234155594598e-05
5.780000000000000000e+05 7.408331230222847284e-05 1.487407635799041458e-05
5.790000000000000000e+05 7.407761891144740369e-05 1.487140103832198029e-05
5.800000000000000000e+05 7.407172583174899600e-05 1.486877666184875982e-05
5.810000000000000000e+05 7.406716091632737622e-05 1.486632907137150566e-05
5.820000000000000000e+05 7.406147413568100145e-05 1.486408366605047761e-05
5.830000000000000000e+05 7.406028925971591714e-05 1.486195186101933177e-05
5.840000000000000000e+05 7.405935043440181023e-05 1.485975355617275416e-05
5.850000000000000000e+05 7.405998208108103946e-05 1.485740408235794387e-05
5.860000000000000000e+05 7.405858688410144454e-05 1.485490078995793843e-05
5.870000000000000000e+05 7.405697602866972095e-05 1.485217748943924233e-05
5.880000000000000000e+05 7.405421578206749979e-05 1.484932215486379315e-05
5.890000000000000000e+05 7.404733900337031531e-05 1.484643259633014966e-05
5.900000000000000000e+05 7.404259647544379178e-05 1.484350451699744919e-05
5.910000000000000000e+05 7.403843900839693489e-05 1.484058965834912603e-05
5.920000000000000000e+05 7.403361066571314717e-05 1.483785317299406921e-05
5.930000000000000000e+05 7.403072492425199591e-05 1.483533316619796971e-05
5.940000000000000000e+05 7.402946063991906376e-05 1.483307697275733578e-05
5.950000000000000000e+05 7.402512483806785847e-05 1.483117068034092476e-05
5.960000000000000000e+05 7.402145988754337252e-05 1.482959664689606364e-05
5.970000000000000000e+05 7.401824715574879723e-05 1.482791764710114940e-05
5.980000000000000000e+05 7.401755493837992297e-05 1.482581310584186096e-05
5.990000000000000000e+05 7.401483782821162048e-05 1.482330175383262992e-05
6.000000000000000000e+05 7.401051833328138444e-05 1.482045592169479688e-05
6.010000000000000000e+05 7.400741046582711064e-05 1.481734489282082765e-05
6.020000000000000000e+05 7.400457678307322570e-05 1.481410159544822457e-05
6.030000000000000000e+05 7.399457860950668523e-05 1.481104957599545016e-05
6.040000000000000000e+05 7.398837723419374927e-05 1.480863236929000373e-05
6.050000000000000000e+05 7.398664120928311798e-05 1.480658117318747807e-05
6.060000000000000000e+05 7.398564004132946966e-05 1.480431149690880882e-05
6.070000000000000000e+05 7.398444072817756062e-05 1.480172743619916379e-05
6.080000000000000000e+05 7.398366409857874064e-05 1.479905306448599394e-05
6.090000000000000000e+05 7.398406461575336929e-05 1.479632624614116294e-05
6.100000000000000000e+05 7.398675147117096782e-05 1.479348793675394929e-05
6.110000000000000000e+05 7.398557211249853381e-05 1.479038407043953377e-05
6.120000000000000000e+05 7.398389100673928240e-05 1.478693560204252784e-05
6.130000000000000000e+05 7.398200688226688922e-05 1.478313611536680656e-05
6.140000000000000000e+05 7.398066835273832647e-05 1.477903572536852050e-05
6.150000000000000000e+05 7.397947643354890778e-05 1.477467914456154295e-05
6.160000000000000000e+05 7.397695937571600682e-05 1.477006282780959937e-05
6.170000000000000000e+05 7.397164683923989942e-05 1.476519759385510491e-05
6.180000000000000000e+05 7.397000054580084305e-05 1.476019687499827241e-05
6.190000000000000000e+05 7.396989387974364414e-05 1.475492187037094018e-05
6.200000000000000000e+05 7.396929737730863273e-05 1.474947128746285407e-05
6.210000000000000000e+05 7.397082885838264315e-05 1.474445551437071436e-05
6.220000000000000000e+05 7.396952427384261052e-05 1.473928479194330762e-05
6.230000000000000000e+05 7.396820770756723116e-05 1.473341599342322354e-05
6.240000000000000000e+05 7.396704200949839707e-05 1.472705037676930791e-05
6.250000000000000000e+05 7.396601480088542803e-05 1.472056718335115805e-05
6.260000000000000000e+05 7.396515662675257053e-05 1.471398264271500634e-05
6.270000000000000000e+05 7.396464571158376943e-05 1.470706086638949402e-05
6.280000000000000000e+05 7.396362159113148188e-05 1.470015587849009636e-05
6.290000000000000000e+05 7.396319490467881852e-05 1.469328433428723959e-05
6.300000000000000000e+05 7.396394394802283838e-05 1.468631807998133970e-05
6.310000000000000000e+05 7.396617851579500409e-05 1.467914596514224009e-05
6.320000000000000000e+05 7.396679222786732230e-05 1.467157511746994119e-05
6.330000000000000000e+05 7.396611673720347073e-05 1.466334886767112897e-05
6.340000000000000000e+05 7.396621682526237818e-05 1.465418317548179391e-05
6.350000000000000000e+05 7.396502172813643498e-05 1.464331456523243203e-05
6.360000000000000000e+05 7.396425593868529639e-05 1.463059163260118023e-05
6.370000000000000000e+05 7.396387900721361139e-05 1.461563192486502187e-05
6.380000000000000000e+05 7.396430450979662205e-05 1.459520070758508013e-05
6.390000000000000000e+05 7.396454941197160471e-05 1.456041812879534030e-05
6.400000000000000000e+05 7.396463947561721943e-05 1.439394278494786940e-05
6.410000000000000000e+05 7.396461550049075631e-05 1.416018118051612967e-05
6.420000000000000000e+05 7.396446095887289091e-05 1.407713375318742236e-05
6.430000000000000000e+05 7.396363076558561990e-05 1.402175884757106925e-05
6.440000000000000000e+05 7.396325383342501928e-05 1.397958442894799483e-05
6.450000000000000000e+05 7.396356901408427374e-05 1.394286512318584724e-05
6.460000000000000000e+05 7.396349900284785502e-05 1.391240620887398856e-05
6.470000000000000000e+05 7.396432413069375998e-05 1.388872537595552933e-05
6.480000000000000000e+05 7.396466820921736762e-05 1.386907214192489599e-05
6.490000000000000000e+05 7.396548967633442091e-05 1.385227172995267888e-05
6.500000000000000000e+05 7.396586054562132126e-05 1.383452858977750902e-05
6.510000000000000000e+05 7.396650005945418856e-05 1.381637744060987207e-05
6.520000000000000000e+05 7.396775058015204584e-05 1.379858567822765561e-05
6.530000000000000000e+05 7.396748382660088593e-05 1.378072019635545402e-05
6.540000000000000000e+05 7.396719052807396806e-05 1.376460284072938476e-05
6.550000000000000000e+05 7.396693062611931456e-05 1.375354500636164718e-05
6.560000000000000000e+05 7.396672381710452278e-05 1.374566437262714859e-05
6.570000000000000000e+05 7.396659581207523063e-05 1.373812373802584736e-05
6.580000000000000000e+05 7.396665745909140356e-05 1.372854061862455519e-05
6.590000000000000000e+05 7.396829471087731868e-05 1.371667346919017891e-05
6.600000000000000000e+05 7.396885164488281031e-05 1.370211166969835023e-05
6.610000000000000000e+05 7.396860141501538461e-05 1.368423181422595852e-05
6.620000000000000000e+05 7.396833524808440043e-05 1.364869265693117626e-05
6.630000000000000000e+05 7.396822730390618700e-05 1.361539369335851686e-05
6.640000000000000000e+05 7.396765011283877123e-05 1.360018411021542419e-05
6.650000000000000000e+05 7.396378802147576012e-05 1.359006924906971532e-05
6.660000000000000000e+05 7.396292198066303379e-05 1.358090300780994250e-05
6.670000000000000000e+05 7.396191010449775145e-05 1.357084991778627640e-05
6.680000000000000000e+05 7.396231175021930236e-05 1.355975027897391130e-05
6.690000000000000000e+05 7.396150573490818084e-05 1.354903497963944480e-05
6.700000000000000000e+05 7.396098675834071742e-05 1.353982467635253987e-05
6.710000000000000000e+05 7.396074527713354880e-05 1.353246186023712323e-05
6.720000000000000000e+05 7.396163795121632738e-05 1.352783762835799256e-05
6.730000000000000000e+05 7.396412029507011413e-05 1.352188371165154618e-05
6.740000000000000000e+05 7.396429175821849476e-05 1.351236721026714303e-05
6.750000000000000000e+05 7.396395441442232756e-05 1.350073882748704024e-05
6.760000000000000000e+05 7.396405059757352001e-05 1.348715879787159918e-05
6.770000000000000000e+05 7.396378241877553091e-05 1.346457229120354051e-05
6.780000000000000000e+05 7.396331116697383006e-05 1.343467949322775735e-05
6.790000000000000000e+05 7.396274875878973290e-05 1.342180863864019530e-05
6.800000000000000000e+05 7.396227132140559030e-05 1.341328094477104338e-05
6.810000000000000000e+05 7.396211261179600816e-05 1.340767084534029251e-05
6.820000000000000000e+05 7.396177693299143120e-05 1.340433872171924436e-05
6.830000000000000000e+05 7.396171804316516109e-05 1.340006172125287511e-05
6.840000000000000000e+05 7.396147691451600888e-05 1.339331955189701682e-05
6.850000000000000000e+05 7.396144480472803583e-05 1.338505399218412796e-05
6.860000000000000000e+05 7.396302976719920002e-05 1.337666318401905532e-05
6.870000000000000000e+05 7.396408167825377225e-05 1.336975680208584349e-05
6.880000000000000000e+05 7.396427166949835156e-05 1.336652774904606040e-05
6.890000000000000000e+05 7.396419949981170223e-05 1.336412986060764194e-05
6.900000000000000000e+05 7.396407903851928548e-05 1.336085346568924206e-05
6.910000000000000000e+05 7.396391794049176228e-05 1.335756192184283342e-05
6.920000000000000000e+05 7.396320643370373209e-05 1.335462771836215737e-05
6.930000000000000000e+05 7.396359179960307968e-05 1.335069631334124797e-05
6.940000000000000000e+05 7.396382957572649602e-05 1.334595882538390734e-05
6.950000000000000000e+05 7.396310770397900546e-05 1.334167113466331933e-05
6.960000000000000000e+05 7.396282518457137039e-05 1.333782908803358154e-05
6.970000000000000000e+05 7.396291619200212847e-05 1.333412450142532636e-05
6.980000000000000000e+05 7.396310804969054265e-05 1.333151624778182785e-05
6.990000000000000000e+05 7.396332134096677158e-05 1.333078433718077775e-05
7.000000000000000000e+05 7.396352794813718990e-05 1.332856516113786298e-05
7.010000000000000000e+05 7.396376920219862303e-05 1.332403699184624168e-05
7.020000000000000000e+05 7.396418478557347865e-05 1.331821620412703180e-05
7.030000000000000000e+05 7.396418082434967362e-05 1.331199011637814253e-05
7.040000000000000000e+05 7.396335309376804695e-05 1.330600362566401293e-05
7.050000000000000000e+05 7.395956036207160559e-05 1.330084073592284562e-05
7.060000000000000000e+05 7.395673972624563857e-05 1.329609036876227402e-05
7.070000000000000000e+05 7.395412685287389848e-05 1.329099438341341979e-05
7.080000000000000000e+05 7.395384343977261569e-05 1.328650903527619842e-05
7.090000000000000000e+05 7.395369447910610076e-05 1.328486308150602412e-05
7.100000000000000000e+05 7.395421586849147515e-05 1.328473975732350322e-05
7.110000000000000000e+05 7.395442834941189330e-05 1.328432924473889120e-05
7.120000000000000000e+05 7.395550375289911482e-05 1.328372602193909931e-05
7.130000000000000000e+05 7.395708863297153731e-05 1.328214474177218303e-05
7.140000000000000000e+05 7.395770509222932346e-05 1.327861346503143281e-05
7.150000000000000000e+05 7.395803085313836184e-05 1.327353888203746285e-05
7.160000000000000000e+05 7.395828819856643745e-05 1.326778256416256353e-05
7.170000000000000000e+05 7.395852902891388242e-05 1.326185277775061703e-05
7.180000000000000000e+05 7.395875927632135328e-05 1.325553980515804602e-05
7.190000000000000000e+05 7.395897667326617323e-05 1.324803400631380956e-05
7.200000000000000000e+05 7.395917966269386235e-05 1.324072875133713005e-05
7.210000000000000000e+05 7.395936415939609342e-05 1.323410000579399087e-05
7.220000000000000000e+05 7.395953236844055143e-05 1.322916007451733990e-05
7.230000000000000000e+05 7.395968047113480378e-05 1.322602843346961391e-05
7.240000000000000000e+05 7.395980759449923762e-05 1.322364050692461025e-05
7.250000000000000000e+05 7.395991301859193817e-05 1.322178484822939714e-05
7.260000000000000000e+05 7.395999441785964905e-05 1.321965008431991547e-05
7.270000000000000000e+05 7.396004678663041368e-05 1.321621368391568535e-05
7.280000000000000000e+05 7.396006363495860689e-05 1.321139495085555827e-05
7.290000000000000000e+05 7.396003749975837462e-05 1.320574329897550729e-05
7.300000000000000000e+05 7.395998348919917951e-05 1.319976924901072086e-05
7.310000000000000000e+05 7.395983191529056304e-05 1.319385917919621036e-05
7.320000000000000000e+05 7.395921852507126269e-05 1.318777163960615234e-05
7.330000000000000000e+05 7.395527742269189411e-05 1.318106298507463607e-05
7.340000000000000000e+05 7.394864863729031347e-05 1.317361259732411909e-05
7.350000000000000000e+05 7.394193264843591362e-05 1.316556973067746615e-05
7.360000000000000000e+05 7.393666584649648808e-05 1.315717312941535471e-05
7.370000000000000000e+05 7.393346756231073931e-05 1.314949879079305250e-05
7.380000000000000000e+05 7.392796180662459095e-05 1.314322624657513741e-05
7.390000000000000000e+05 7.392116520908199612e-05 1.313747243705016539e-05
7.400000000000000000e+05 7.390987914971957641e-05 1.313045376563313574e-05
7.410000000000000000e+05 7.389127227528779346e-05 1.312120147215429816e-05
7.420000000000000000e+05 7.386510482583640469e-05 1.310577146680926416e-05
7.430000000000000000e+05 7.386232264843625337e-05 1.305709376918016184e-05
7.440000000000000000e+05 7.386133874538177791e-05 1.293578218470233394e-05
7.450000000000000000e+05 7.386102005583190344e-05 1.291704403417709386e-05
7.460000000000000000e+05 7.386113984019732699e-05 1.291086442819466051e-05
7.470000000000000000e+05 7.386141044189858409e-05 1.291045583058474111e-05
7.480000000000000000e+05 7.386216493936735886e-05 1.291206326641333594e-05
7.490000000000000000e+05 7.386343659075429290e-05 1.291312184227052571e-05
7.500000000000000000e+05 0.000000000000000000e+00 0.000000000000000000e+00
7.510000000000000000e+05 7.386482973106408482e-05 1.291035416306861469e-05
7.520000000000000000e+05 7.386483182310975130e-05 1.290758345598676173e-05
7.530000000000000000e+05 7.386511721171036093e-05 1.290544490168364566e-05
7.540000000000000000e+05 7.386555481667220376e-05 1.290378023167557653e-05
7.550000000000000000e+05 7.386583099612695701e-05 1.290216514658270816e-05
7.560000000000000000e+05 7.386646171310051940e-05 1.289932695167497381e-05
7.570000000000000000e+05 7.386761511220226513e-05 1.289435107764323178e-05
7.580000000000000000e+05 7.386898984414229851e-05 1.288807581187865516e-05
7.590000000000000000e+05 7.386977283548215427e-05 1.288143146586860532e-05
7.600000000000000000e+05 7.387030502491706335e-05 1.287592433747603455e-05
7.610000000000000000e+05 7.387075493576854409e-05 1.287239012397198434e-05
7.620000000000000000e+05 7.387112932272703141e-05 1.286907459754815507e-05
7.630000000000000000e+05 7.387113781290820507e-05 1.286447241318276177e-05
7.640000000000000000e+05 7.387111469419793046e-05 1.286051495698864710e-05
7.650000000000000000e+05 7.386928209359173839e-05 1.285760022697675616e-05
7.660000000000000000e+05 7.386640803588390364e-05 1.285525901618590506e-05
7.670000000000000000e+05 7.386455996086594767e-05 1.285112852846407899e-05
7.680000000000000000e+05 7.386320372009097502e-05 1.284341263300222019e-05
7.690000000000000000e+05 7.386149676024272588e-05 1.283299754039239793e-05
7.700000000000000000e+05 7.386040348967342294e-05 1.282070961497439225e-05
7.710000000000000000e+05 7.385887158182573807e-05 1.280494332392486143e-05
7.720000000000000000e+05 7.385764508370462817e-05 1.278526986274684457e-05
7.730000000000000000e+05 7.385694486734898636e-05 1.274202957946814831e-05
7.740000000000000000e+05 7.385648531875376398e-05 1.269054247403589175e-05
7.750000000000000000e+05 7.385618983272288396e-05 1.257633658858447087e-05
7.760000000000000000e+05 7.385606543910365875e-05 1.190527177058663644e-05
7.770000000000000000e+05 7.385599474030232617e-05 1.166157317377294241e-05
7.780000000000000000e+05 7.385167830271337620e-05 1.136248297410774971e-05
7.790000000000000000e+05 7.384887929306803249e-05 1.130145941447064419e-05
7.800000000000000000e+05 7.384807447566741549e-05 1.127497066258507629e-05
7.810000000000000000e+05 7.384799316081515721e-05 1.125621701369610321e-05
7.820000000000000000e+05 7.384808806346482019e-05 1.124091338401876822e-05
7.830000000000000000e+05 7.384829967245633937e-05 1.122785679518200936e-05
7.840000000000000000e+05 7.384886942298667708e-05 1.121621546778302242e-05
7.850000000000000000e+05 7.384750044988781510e-05 1.120567673906065744e-05
7.860000000000000000e+05 7.384602057287960601e-05 1.119617850360787330e-05
7.870000000000000000e+05 7.384445604850486109e-05 1.118702533072555570e-05
7.880000000000000000e+05 7.383105944527737323e-05 1.117833460484916402e-05
7.890000000000000000e+05 7.369854086394278297e-05 1.117068314369861243e-05
7.900000000000000000e+05 7.361239151746043247e-05 1.116308209950007838e-05
7.910000000000000000e+05 7.359465778804324617e-05 1.115419027298483096e-05
7.920000000000000000e+05 7.358789622408337563e-05 1.114360481921066485e-05
7.930000000000000000e+05 7.358346577209589029e-05 1.113248878599798185e-05
7.940000000000000000e+05 7.358131924401474055e-05 1.112089516590584313e-05
7.950000000000000000e+05 7.357712628744495571e-05 1.110841809292116210e-05
7.960000000000000000e+05 7.357322430238018567e-05 1.109506759770469072e-05
7.970000000000000000e+05 7.356917463637839690e-05 1.108144008031012250e-05
7.980000000000000000e+05 7.356535529936820538e-05 1.106742842325613132e-05
7.990000000000000000e+05 7.356012283375429719e-05 1.105197408702754714e-05
8.000000000000000000e+05 7.355025421128244859e-05 1.103304282944633502e-05
8.010000000000000000e+05 7.353331346328075219e-05 1.100362692664807299e-05
8.020000000000000000e+05 7.349554603589442429e-05 1.091074432006485587e-05
8.030000000000000000e+05 7.348305436891940177e-05 1.060862549621187736e-05
8.040000000000000000e+05 7.347941975825878359e-05 1.055251912893110955e-05
8.050000000000000000e+05 7.347751948838087549e-05 1.053316851823102882e-05
8.060000000000000000e+05 7.347630516862073283e-05 1.052160240321691383e-05
8.070000000000000000e+05 7.347533117404036367e-05 1.051313179351676104e-05
8.080000000000000000e+05 7.347440466302778566e-05 1.050677338001150475e-05
8.090000000000000000e+05 7.347452989462424080e-05 1.050150061275184450e-05
8.100000000000000000e+05 7.347569624649947031e-05 1.049711324254693956e-05
8.110000000000000000e+05 7.347696942139947732e-05 1.049266346679414735e-05
8.120000000000000000e+05 7.347965764851593223e-05 1.048866994200640830e-05
8.130000000000000000e+05 7.348077892078871661e-05 1.048444416482197904e-05
8.140000000000000000e+05 7.348111502296711330e-05 1.047970628970030149e-05
8.150000000000000000e+05 7.348130067963095681e-05 1.047495584012912295e-05
8.160000000000000000e+05 7.348133022093327675e-05 1.047042795711689418e-05
8.170000000000000000e+05 7.348148336991180171e-05 1.046623712037664742e-05
8.180000000000000000e+05 7.348216438503074642e-05 1.046208926399980961e-05
8.190000000000000000e+05 7.348396369990098170e-05 1.045791858418701379e-05
8.200000000000000000e+05 7.348510723675986912e-05 1.045381425490357410e-05
8.210000000000000000e+05 7.348691489867853932e-05 1.044982642076867902e-05
8.220000000000000000e+05 7.348669750899355067e-05 1.044599307975273320e-05
8.230000000000000000e+05 7.348178413027423104e-05 1.044253838919394068e-05
8.240000000000000000e+05 7.347747811603665851e-05 1.043965705288942168e-05
8.250000000000000000e+05 7.347450212518597554e-05 1.043705162375263107e-05
8.260000000000000000e+05 7.347385421580381070e-05 1.043441223341283984e-05
8.270000000000000000e+05 7.347384906481036870e-05 1.043174820955052681e-05
8.280000000000000000e+05 7.347419900948630748e-05 1.042911741049109368e-05
8.290000000000000000e+05 7.347469771322570403e-05 1.042678108168231907e-05
8.300000000000000000e+05 7.347627948257732557e-05 1.042500022653372637e-05
8.310000000000000000e+05 7.347763892696870683e-05 1.042395203620512653e-05
8.320000000000000000e+05 7.347837932506040668e-05 1.042349397855050978e-05
8.330000000000000000e+05 7.347901093752605070e-05 1.042294206424314578e-05
8.340000000000000000e+05 7.347979219344310652e-05 1.042237754694629676e-05
8.350000000000000000e+05 7.348138704940458102e-05 1.042221827084429483e-05
8.360000000000000000e+05 7.348295752732539950e-05 1.042268661575146096e-05
8.370000000000000000e+05 7.348526068928361472e-05 1.042308489605943593e-05
8.380000000000000000e+05 7.348610723149051323e-05 1.042298310942998062e-05
8.390000000000000000e+05 7.348681805115859968e-05 1.042261425501595947e-05
8.400000000000000000e+05 7.348732795677757586e-05 1.042233934396292593e-05
8.410000000000000000e+05 7.348786595153032706e-05 1.042204299159552441e-05
8.420000000000000000e+05 7.348528497247758706e-05 1.042140504386930870e-05
8.430000000000000000e+05 7.347995089897562770e-05 1.042018102412692236e-05
8.440000000000000000e+05 7.347776391029809751e-05 1.041822331280071667e-05
8.450000000000000000e+05 7.347192954558872378e-05 1.041577049635993224e-05
8.460000000000000000e+05 7.346621485083268594e-05 1.041326542048988429e-05
8.470000000000000000e+05 7.345987930256733843e-05 1.041099318141533633e-05
8.480000000000000000e+05 7.344598079541405451e-05 1.040908910475107372e-05
8.490000000000000000e+05 7.342160031288089443e-05 1.040755362365024697e-05
8.500000000000000000e+05 7.338487718712964234e-05 1.040623738020921212e-05
8.510000000000000000e+05 7.334037675302711764e-05 1.040508881502433811e-05
8.520000000000000000e+05 7.333597678162916090e-05 1.040424208162830525e-05
8.530000000000000000e+05 7.333664343097067134e-05 1.040379521312498535e-05
8.540000000000000000e+05 7.333895320412093556e-05 1.040360684868056818e-05
8.550000000000000000e+05 7.334103935964560324e-05 1.040344100067008593e-05
8.560000000000000000e+05 7.334459342155620555e-05 1.040328669154915104e-05
8.570000000000000000e+05 7.334688154173369290e-05 1.040310132490270727e-05
8.580000000000000000e+05 7.334884452841940877e-05 1.040273710724889002e-05
8.590000000000000000e+05 7.335087390401446856e-05 1.040215111682225155e-05
8.600000000000000000e+05 7.335229041807915062e-05 1.040154293088012731e-05
8.610000000000000000e+05 7.335403282563479122e-05 1.040105855677016158e-05
8.620000000000000000e+05 7.335587255367672342e-05 1.040062315939475784e-05
8.630000000000000000e+05 7.335685304330657238e-05 1.040019971379409517e-05
8.640000000000000000e+05 7.335592762288804011e-05 1.039972450016453284e-05
8.650000000000000000e+05 7.335381238954692381e-05 1.039918627413329109e-05
8.660000000000000000e+05 7.335467783069591241e-05 1.039857227174244614e-05
8.670000000000000000e+05 7.335641708582717299e-05 1.039792182059991189e-05
8.680000000000000000e+05 7.335783069895018826e-05 1.039723235225781459e-05
8.690000000000000000e+05 7.335905048043580385e-05 1.039642977228889679e-05
8.700000000000000000e+05 7.336019810441178352e-05 1.039521279066041214e-05
8.710000000000000000e+05 7.336132565718460016e-05 1.039362136146992688e-05
8.720000000000000000e+05 7.336244089029632419e-05 1.039197566074058293e-05
8.730000000000000000e+05 7.336350763684250983e-05 1.039047229237953572e-05
8.740000000000000000e+05 7.336539108406065694e-05 1.038913112449079378e-05
8.750000000000000000e+05 7.336642707308683076e-05 1.038792107612253423e-05
8.760000000000000000e+05 7.336729763107740793e-05 1.038683696677759728e-05
8.770000000000000000e+05 7.336833688826670632e-05 1.038595475859354877e-05
8.780000000000000000e+05 7.336939913360810382e-05 1.038535927141869249e-05
8.790000000000000000e+05 7.337056338880728332e-05 1.038505803160083584e-05
8.800000000000000000e+05 7.337277917926574716e-05 1.038506312694235143e-05
8.810000000000000000e+05 7.337568454029739303e-05 1.038526348632337284e-05
8.820000000000000000e+05 7.337702945242691936e-05 1.038554785074865819e-05
8.830000000000000000e+05 7.337814842279890052e-05 1.038577432695867188e-05
8.840000000000000000e+05 7.337928316912561586e-05 1.038596172151189220e-05
8.850000000000000000e+05 7.338084404209308637e-05 1.038602858109401767e-05
8.860000000000000000e+05 7.338175764726440596e-05 1.038536081742799492e-05
8.870000000000000000e+05 7.338253875439047520e-05 1.038382569882733207e-05
8.880000000000000000e+05 7.338359837019284369e-05 1.038151667164850839e-05
8.890000000000000000e+05 7.338514096221144308e-05 1.037853533842642508e-05
8.900000000000000000e+05 7.338617495652671545e-05 1.037512899633501480e-05
8.910000000000000000e+05 7.338685882314716579e-05 1.037164133065649346e-05
8.920000000000000000e+05 7.338760068228796147e-05 1.036836294785530429e-05
8.930000000000000000e+05 7.338815687541451016e-05 1.036534218873667624e-05
8.940000000000000000e+05 7.338902814644928079e-05 1.036248796454726826e-05
8.950000000000000000e+05 7.338947573106434938e-05 1.035943110833348032e-05
8.960000000000000000e+05 7.338979987191486250e-05 1.035455654495888773e-05
8.970000000000000000e+05 7.339017973531164951e-05 1.035060732794149031e-05
8.980000000000000000e+05 7.339060812202621951e-05 1.034743351208719763e-05
8.990000000000000000e+05 7.339105749377760430e-05 1.034442967427450249e-05
9.000000000000000000e+05 7.339148866386005726e-05 1.034146749695816266e-05
9.010000000000000000e+05 7.339168379479547421e-05 1.033851081045598433e-05
9.020000000000000000e+05 7.339193197439876663e-05 1.033551151072148658e-05
9.030000000000000000e+05 7.339148899049645315e-05 1.033237846843776419e-05
9.040000000000000000e+05 7.339074310308976387e-05 1.032913987151790922e-05
9.050000000000000000e+05 7.338876159914191572e-05 1.032593512791633014e-05
9.060000000000000000e+05 7.339026793100564294e-05 1.032120716662131255e-05
9.070000000000000000e+05 7.339100563294228955e-05 1.031604098896220489e-05
9.080000000000000000e+05 7.339140850489096811e-05 1.031375286220408300e-05
9.090000000000000000e+05 7.339169704648329366e-05 1.031220882305454686e-05
9.100000000000000000e+05 7.339195010575566970e-05 1.031048205674086322e-05
9.110000000000000000e+05 7.339219706061129609e-05 1.030723402901684310e-05
9.120000000000000000e+05 7.339244565741782065e-05 1.029968681683507482e-05
9.130000000000000000e+05 7.339270161156941151e-05 1.029543559298992833e-05
9.140000000000000000e+05 7.339296428364257730e-05 1.029168412145438020e-05
9.150000000000000000e+05 7.339323308198660684e-05 1.028013104677805843e-05
9.160000000000000000e+05 7.339350790075554478e-05 1.027183094346890957e-05
9.170000000000000000e+05 7.339378829929249428e-05 1.025836409171054903e-05
9.180000000000000000e+05 7.339403492854318053e-05 1.023064291186560610e-05
9.190000000000000000e+05 7.339458675903225355e-05 1.016898649500256163e-05
9.200000000000000000e+05 7.339514848981039765e-05 9.747355606336000343e-06
9.210000000000000000e+05 7.339521415058058074e-05 9.700172195915504484e-06
9.220000000000000000e+05 7.339554537340543729e-05 9.695818906414765099e-06
9.230000000000000000e+05 7.339593673276714378e-05 9.691895797943129905e-06
9.240000000000000000e+05 7.339822761546327921e-05 9.688062960280710890e-06
9.250000000000000000e+05 7.339870450743023547e-05 9.683600388980848113e-06
9.260000000000000000e+05 7.339867385383342779e-05 9.678425931352173953e-06
9.270000000000000000e+05 7.339878431335885179e-05 9.672794556592175243e-06
9.280000000000000000e+05 7.339915716880328778e-05 9.666888598698244911e-06
9.290000000000000000e+05 7.340081242607958498e-05 9.660685092241196254e-06
9.300000000000000000e+05 7.340126169779754423e-05 9.654083651438941490e-06
9.310000000000000000e+05 7.340171847763281385e-05 9.647088420245400117e-06
9.320000000000000000e+05 7.340200143386367462e-05 9.639912739498299706e-06
9.330000000000000000e+05 7.340240369940208612e-05 9.633201686945445387e-06
9.340000000000000000e+05 7.340294021754592243e-05 9.627973010521832548e-06
9.350000000000000000e+05 7.340386537777478487e-05 9.623948588932727219e-06
9.360000000000000000e+05 7.340439869740693454e-05 9.620071949720123918e-06
9.370000000000000000e+05 7.340475498280368198e-05 9.615589220734946098e-06
9.380000000000000000e+05 7.340507687484155454e-05 9.610596546869410613e-06
9.390000000000000000e+05 7.340541789770258700e-05 9.605525524023476817e-06
9.400000000000000000e+05 7.340591605954556757e-05 9.600500867082844582e-06
9.410000000000000000e+05 7.340650920841840005e-05 9.595259262739432748e-06
9.420000000000000000e+05 7.340699909028199023e-05 9.589604630118354764e-06
9.430000000000000000e+05 7.340813544955211343e-05 9.583450696843230299e-06
9.440000000000000000e+05 7.340818396925226613e-05 9.576740671740712502e-06
9.450000000000000000e+05 7.340834538132233673e-05 9.569330759856636918e-06
9.460000000000000000e+05 7.340860760585813673e-05 9.561398461955917209e-06
9.470000000000000000e+05 7.340890215505617075e-05 9.553745506912118335e-06
9.480000000000000000e+05 7.340920651509605453e-05 9.547236000911438772e-06
9.490000000000000000e+05 7.340951372596511660e-05 9.542153868741107069e-06
9.500000000000000000e+05 7.340982534054642326e-05 9.537423339278295649e-06
9.510000000000000000e+05 7.341015150964048984e-05 9.531704744079707491e-06
9.520000000000000000e+05 7.341055186057483307e-05 9.525153547439351787e-06
9.530000000000000000e+05 7.341176109967011013e-05 9.519492747609982443e-06
9.540000000000000000e+05 7.341237360936614929e-05 9.509825316448039691e-06
9.550000000000000000e+05 7.341226206243157764e-05 9.505225515332354954e-06
9.560000000000000000e+05 7.341235430625590516e-05 9.502664884735962126e-06
9.570000000000000000e+05 7.341255817797991904e-05 9.500720892432015942e-06
9.580000000000000000e+05 7.341280654923086678e-05 9.498846327612418827e-06
9.590000000000000000e+05 7.341307162569544293e-05 9.496923267786684696e-06
9.600000000000000000e+05 7.341333960322125982e-05 9.494608221466148252e-06
9.610000000000000000e+05 7.341360622570160634e-05 9.492079939089579984e-06
9.620000000000000000e+05 7.341386723413508713e-05 9.489457129373976237e-06
9.630000000000000000e+05 7.341412402620618770e-05 9.486754148195918366e-06
9.640000000000000000e+05 7.341437615289724038e-05 9.483223285069582674e-06
9.650000000000000000e+05 7.341462729429982278e-05 9.479814799153705418e-06
9.660000000000000000e+05 7.341488653498387746e-05 9.476656757410784708e-06
9.670000000000000000e+05 7.341518689641067508e-05 9.473595655525982297e-06
9.680000000000000000e+05 7.341589850996944444e-05 9.470387895511794905e-06
9.690000000000000000e+05 7.341674567327956876e-05 9.466805032850589827e-06
9.700000000000000000e+05 7.341770188418117926e-05 9.463060977193012000e-06
9.710000000000000000e+05 7.341863096073128849e-05 9.459660096047406232e-06
9.720000000000000000e+05 7.341912402820071053e-05 9.456671117231417624e-06
9.730000000000000000e+05 7.342051547069107292e-05 9.452915181128139635e-06
9.740000000000000000e+05 7.342182217019195415e-05 9.445487029050320414e-06
9.750000000000000000e+05 7.342192128522063857e-05 9.430376771649676040e-06
9.760000000000000000e+05 7.342176134043107514e-05 9.438014918886011926e-06
9.770000000000000000e+05 7.342157279647216009e-05 9.440258837075124761e-06
9.780000000000000000e+05 7.342141467035657868e-05 9.441469449527828341e-06
9.790000000000000000e+05 7.342121906811354423e-05 9.438082465458285191e-06
9.800000000000000000e+05 7.342109131829220267e-05 9.436989046019116575e-06
9.810000000000000000e+05 7.342105036748982900e-05 9.431765172221419846e-06
9.820000000000000000e+05 7.342106075019114663e-05 9.430375506264440549e-06
9.830000000000000000e+05 7.342110122144172434e-05 9.424065526084952956e-06
9.840000000000000000e+05 7.342115708689947841e-05 9.420948774958447409e-06
9.850000000000000000e+05 7.342121414169683422e-05 9.416829149991866218e-06
9.860000000000000000e+05 7.342125627022647581e-05 9.411790864790123488e-06
9.870000000000000000e+05 7.342121523853032794e-05 9.408370159774333228e-06
9.880000000000000000e+05 7.342051306213139309e-05 9.401281512687488309e-06
9.890000000000000000e+05 7.341898308295779336e-05 9.393946978205405400e-06
9.900000000000000000e+05 7.341930737437448438e-05 9.387426863570722159e-06
9.910000000000000000e+05 7.341998367030259779e-05 9.380226736432960036e-06
9.920000000000000000e+05 7.342052894419517787e-05 9.371042640764239953e-06
9.930000000000000000e+05 7.342090163906198085e-05 9.362207193812572322e-06
9.940000000000000000e+05 7.342113172786634060e-05 9.354224472110101568e-06
9.950000000000000000e+05 7.342125324203839683e-05 9.344348230362100111e-06
9.960000000000000000e+05 7.342129621807662516e-05 9.336051729862748780e-06
9.970000000000000000e+05 7.342126961556620169e-05 9.326109957312632204e-06
9.980000000000000000e+05 7.342113745703193631e-05 9.317410933748762402e-06
9.990000000000000000e+05 7.342045662958482334e-05 9.310376626390258953e-06
1.000000000000000000e+06 0.000000000000000000e+00 0.000000000000000000e+00
1.001000000000000000e+06 7.341504844726560943e-05 9.301805010258399042e-06
1.002000000000000000e+06 7.341514787178668867e-05 9.294796212439337943e-06
1.003000000000000000e+06 7.341333948106029792e-05 9.287092638240575319e-06
1.004000000000000000e+06 7.341353713626166738e-05 9.279758537555985983e-06
1.005000000000000000e+06 7.341389944003106401e-05 9.274791215444038088e-06
1.006000000000000000e+06 7.341388782946503978e-05 9.271521002881994057e-06
1.007000000000000000e+06 7.341344414313601629e-05 9.268334997659898440e-06
1.008000000000000000e+06 7.341282910498251257e-05 9.263926753649654258e-06
1.009000000000000000e+06 7.341198579518932684e-05 9.257689019832025619e-06
1.010000000000000000e+06 7.341011547610582682e-05 9.250978820785290028e-06
1.011000000000000000e+06 7.340536506008589945e-05 9.244910358663352879e-06
1.012000000000000000e+06 7.340234054246084789e-05 9.240302371116012692e-06
1.013000000000000000e+06 7.340051609692872466e-05 9.236829870653449025e-06
1.014000000000000000e+06 7.340105380353859391e-05 9.233842072804143166e-06
1.015000000000000000e+06 7.340137093529900780e-05 9.230896956428318696e-06
1.016000000000000000e+06 7.340212912813255685e-05 9.227755564568005195e-06
1.017000000000000000e+06 7.340214047048431085e-05 9.224253400759358553e-06
1.018000000000000000e+06 7.340217639962469745e-05 9.220558494159752813e-06
1.019000000000000000e+06 7.340322482684606621e-05 9.217751618149960100e-06
1.020000000000000000e+06 7.340285977374071374e-05 9.215276013183307894e-06
1.021000000000000000e+06 7.340223449174443512e-05 9.212536942768829635e-06
1.022000000000000000e+06 7.340174049429596466e-05 9.209465769590879493e-06
1.023000000000000000e+06 7.340149777647095937e-05 9.206181233827522443e-06
1.024000000000000000e+06 7.340263996675980165e-05 9.202609540322381667e-06
1.025000000000000000e+06 7.340419877509128015e-05 9.198708869040539421e-06
1.026000000000000000e+06 7.340401394876819698e-05 9.195337179099903461e-06
1.027000000000000000e+06 7.340358140716494073e-05 9.192573471169395463e-06
1.028000000000000000e+06 7.340291679029851643e-05 9.190122194201824385e-06
1.029000000000000000e+06 7.340152238109215628e-05 9.187762693169100413e-06
1.030000000000000000e+06 7.340102284118374865e-05 9.185402329790357602e-06
1.031000000000000000e+06 7.339489344707562284e-05 9.183028752480729427e-06
1.032000000000000000e+06 7.339202060604034343e-05 9.180225472562129890e-06
1.033000000000000000e+06 7.338821816880700436e-05 9.176892459201997063e-06
1.034000000000000000e+06 7.338083474812255884e-05 9.173611279355917819e-06
1.035000000000000000e+06 7.337680241557140355e-05 9.170563199488236501e-06
1.036000000000000000e+06 7.337092654247324910e-05 9.167721851223996251e-06
1.037000000000000000e+06 7.335389709684345301e-05 9.165118726372489607e-06
1.038000000000000000e+06 7.332561112287609305e-05 9.162778830505233381e-06
1.039000000000000000e+06 7.329262358350848144e-05 9.160698027705514027e-06
1.040000000000000000e+06 7.328952522028841284e-05 9.158730648350113740e-06
1.041000000000000000e+06 7.328843828732003194e-05 9.157082961734572686e-06
1.042000000000000000e+06 7.328739267979981434e-05 9.156305700811431130e-06
1.043000000000000000e+06 7.328609494112279664e-05 9.156104820846413348e-06
1.044000000000000000e+06 7.328525208763562440e-05 9.155819093807696085e-06
1.045000000000000000e+06 7.328471442520298213e-05 9.155175754280594867e-06
1.046000000000000000e+06 7.328430502515678301e-05 9.154221025723237272e-06
1.047000000000000000e+06 7.328400190187946335e-05 9.153019400209007431e-06
1.048000000000000000e+06 7.328405704463053288e-05 9.151609878789249434e-06
1.049000000000000000e+06 7.328406404300962266e-05 9.149994143954600300e-06
1.050000000000000000e+06 7.328428197114327794e-05 9.148105476481040689e-06
1.051000000000000000e+06 7.328386906115677492e-05 9.146263112821427158e-06
1.052000000000000000e+06 7.328432669620707257e-05 9.144767914009445647e-06
1.053000000000000000e+06 7.328476078005682968e-05 9.143423419009361330e-06
1.054000000000000000e+06 7.328501259569605245e-05 9.141994440368006214e-06
1.055000000000000000e+06 7.328523547264233478e-05 9.140378834641341014e-06
1.056000000000000000e+06 7.328545889769505853e-05 9.138711344936892896e-06
1.057000000000000000e+06 7.328570329314561802e-05 9.137107648779034779e-06
1.058000000000000000e+06 7.328602651049962238e-05 9.135579207626786486e-06
1.059000000000000000e+06 7.328690752401751263e-05 9.134125126567755400e-06
1.060000000000000000e+06 7.328734016864038537e-05 9.132707328712680962e-06
1.061000000000000000e+06 7.328774546692162274e-05 9.131290405272245663e-06
1.062000000000000000e+06 7.328851868688846384e-05 9.129828886911588919e-06
1.063000000000000000e+06 7.328885561686039629e-05 9.128243387827793503e-06
1.064000000000000000e+06 7.328914536335021817e-05 9.126376012196019729e-06
1.065000000000000000e+06 7.328939545439225062e-05 9.123916166654147020e-06
1.066000000000000000e+06 7.328961892907953299e-05 9.120561399909557344e-06
1.067000000000000000e+06 7.328982709683505429e-05 9.116487251999204431e-06
1.068000000000000000e+06 7.329003377719253449e-05 9.112787223534698171e-06
1.069000000000000000e+06 7.329031496302690308e-05 9.109971729593377350e-06
1.070000000000000000e+06 7.329062326676762150e-05 9.108379049735667202e-06
1.071000000000000000e+06 7.329087843115309202e-05 9.107667856373895092e-06
1.072000000000000000e+06 7.329110694827227338e-05 9.107088170559126961e-06
1.073000000000000000e+06 7.329131326008466113e-05 9.106472710347448971e-06
1.074000000000000000e+06 7.329150443751584673e-05 9.105737331473631087e-06
1.075000000000000000e+06 7.329168835463299183e-05 9.104845666352719667e-06
