3.879526051037999817e-15 4.434293568768000293e-15 5.172768912966000290e-15 6.210795390329998570e-15 7.758347509601999945e-15 2.071501378663765935e-01 2.735665692638136193e-01 3.323059099965234298e-01 4.251471450502320448e-01 5.223691871279999566e-01
5.305940612928000310e-15 6.192463228571998328e-15 7.431833332817999791e-15 9.287683046405999932e-15 2.088008990492810357e-01 2.739645320180982280e-01 3.327985184301245902e-01 4.015259710175921870e-01 5.078790240456000360e-01 5.500609176899999841e-01
7.288507653624000383e-15 8.747713736544000791e-15 1.093917978521999954e-14 2.087739864706633919e-01 2.751209623672685733e-01 3.362302154851224412e-01 4.019002107391332346e-01 4.657370768047259801e-01 5.491304857865999534e-01 5.745023719259999551e-01
1.019768391489599950e-14 1.274552336630399799e-14 2.088834419514189467e-01 2.757123857048208171e-01 3.362116098073275605e-01 3.991209258958139938e-01 4.640882470913160196e-01 5.219866814738399752e-01 5.746392886740000483e-01 5.947601668812000364e-01
1.469197672404000199e-14 2.067201287228002948e-01 2.729560629691692997e-01 3.367562085746094169e-01 3.991184582717844376e-01 4.653077465081820185e-01 5.219865743209199938e-01 5.730188716080000244e-01 5.955683107680000976e-01 6.125953989522000542e-01
2.071795823944307946e-01 2.739592748311302506e-01 3.348219800894898235e-01 3.991258633887491691e-01 4.656320613142320153e-01 5.222272093600800469e-01 5.730177788706000142e-01 5.954782847220000397e-01 6.137943411113999659e-01 6.292104454350000431e-01
2.740617623745737474e-01 3.353828491257881961e-01 4.012329568272137714e-01 4.653057169207079902e-01 5.217608513983799101e-01 5.730175443822000947e-01 5.954782395000000061e-01 6.137943956147999813e-01 6.291767200073999922e-01 6.459511891799999406e-01
3.360611740713304041e-01 4.000322501432519995e-01 4.656327203426220973e-01 5.217608605004999678e-01 5.730174466452000459e-01 5.954781960000000707e-01 6.137944558703999354e-01 6.291767671890000635e-01 6.459663018000000312e-01 6.586133460599999934e-01
3.983867993934995799e-01 4.657513563459599881e-01 5.217621306781800028e-01 5.730174746627999527e-01 5.954781622680000996e-01 6.137945090334000486e-01 6.291768176609999763e-01 6.459734187599999178e-01 6.586136473799999447e-01 6.708161794199999362e-01
4.660199079025140190e-01 5.217974753878200644e-01 5.733773223720000090e-01 5.954863569480000063e-01 6.137945738057999367e-01 6.291768688878000004e-01 6.459621943800000210e-01 6.586164681599999682e-01 6.708160785000000237e-01 6.821225017199999963e-01
5.217975028925999625e-01 5.733772202388000006e-01 5.954863305480000424e-01 6.137946409943999537e-01 6.291769241610000174e-01 6.459429994800001129e-01 6.586216295399999199e-01 6.708160489199999077e-01 6.821224811399999588e-01 6.925978156200001123e-01
5.733771071627999927e-01 5.954863047539999954e-01 6.137947097075999725e-01 6.291769810968000920e-01 6.460078722599998935e-01 6.586206023399998610e-01 6.708160197600000485e-01 6.821224618200000256e-01 6.925977996600000131e-01 7.023779896799999811e-01
5.954862842520000088e-01 6.137947816097999443e-01 6.291770386602000276e-01 6.463416593999999904e-01 6.586370655000000074e-01 6.708201435599999707e-01 6.821224393200000513e-01 6.925977851400000329e-01 7.023779788799999757e-01 7.114889851800000331e-01
6.137948534765998998e-01 6.291770985264000249e-01 6.457330536900000029e-01 6.586400304599999700e-01 6.708201142200000966e-01 6.821224183799999841e-01 6.925977718199999300e-01 7.023779674200000267e-01 7.114889765399999844e-01 7.199969385600000216e-01
6.291771613427999954e-01 6.457330542300000475e-01 6.586487293800000753e-01 6.708200878199999106e-01 6.821223979199999565e-01 6.925977553200000081e-01 7.023779560799999766e-01 7.114889665799999374e-01 7.199969317200000107e-01 7.280058394800000832e-01
