6.666666666666667407e-01 6.666666666666667407e-01 6.666666666666667407e-01 6.666666666666667407e-01 6.666666666666667407e-01 1.426341874022759582e-01 2.668728625813157063e-01 3.760590501886237336e-01 5.293065450163141339e-01 6.274626467111286132e-01
6.666666666666667407e-01 6.666666666666667407e-01 6.666666666666667407e-01 6.666666666666667407e-01 2.339252034189528429e-01 3.140374543740644953e-01 3.977268406866554251e-01 4.896437098652051123e-01 6.264379173531071654e-01 6.263580780982652696e-01
6.666666666666665186e-01 6.666666666666665186e-01 6.666666666666665186e-01 3.046097745758000741e-01 3.615851532557697867e-01 4.279622359792990549e-01 5.014889911686246649e-01 5.712202909251371530e-01 6.515559062317037853e-01 6.466158402651740467e-01
6.666666666666669627e-01 6.666666666666669627e-01 3.615489787020437218e-01 4.027486705096163799e-01 4.535260777872471838e-01 5.110164941074123446e-01 5.740429413010048609e-01 6.225601725154943367e-01 6.622428017359756058e-01 6.617169430809470843e-01
6.666666666666667407e-01 4.065845337171097862e-01 4.342453066002182061e-01 4.774862986253974872e-01 5.253592243662871253e-01 5.816675514198421659e-01 6.247304153419707129e-01 6.601869855972812839e-01 6.642158875249883909e-01 6.643179403670622651e-01
4.451265915250411931e-01 4.653274328810054206e-01 4.963179003363932251e-01 5.390356254676136327e-01 5.889505859231976004e-01 6.278440549346768762e-01 6.605400939336929511e-01 6.640954520554588347e-01 6.651160164570825151e-01 6.651474623245949847e-01
4.903839518904843375e-01 5.161304548116087965e-01 5.537761852243976435e-01 5.951865305995140965e-01 6.301533834318895355e-01 6.609421275254074857e-01 6.642967338988488013e-01 6.652390303124529058e-01 6.650121210788848547e-01 6.663448796052016121e-01
5.327542254474560979e-01 5.641286351589667181e-01 6.017617586950098074e-01 6.329638526241025964e-01 6.613508979230462437e-01 6.644875244270606052e-01 6.653543881083359146e-01 6.651235034057203510e-01 6.663813421842801343e-01 6.663569649428724428e-01
5.724753164221455526e-01 6.075062024391962856e-01 6.356215134808365086e-01 6.617454584977131571e-01 6.646640743826227604e-01 6.654604957765277717e-01 6.652316627331744670e-01 6.664068329663578316e-01 6.663974117888264992e-01 6.664664840417553471e-01
6.128461773495093023e-01 6.381154983786168078e-01 6.625346399631999450e-01 6.648320226391627452e-01 6.655571195227322212e-01 6.653339738064542042e-01 6.664148328722758752e-01 6.664269428226798908e-01 6.664920307175388192e-01 6.665295223088427701e-01
6.403569922622501798e-01 6.628501988999895289e-01 6.649775586558004381e-01 6.656445734419180749e-01 6.654292391205312018e-01 6.664235147296180273e-01 6.664562681690313628e-01 6.665119843077902395e-01 6.665453051511733840e-01 6.665695523001518019e-01
6.631378637252671737e-01 6.651088840962429138e-01 6.657234821777872069e-01 6.655171009662192994e-01 6.664620882639791244e-01 6.664749828467821935e-01 6.665286987126052276e-01 6.665585072555264556e-01 6.665801751188329405e-01 6.665952480149017756e-01
6.652272045561054004e-01 6.657946001680958847e-01 6.655976755791654931e-01 6.666058133343439884e-01 6.664989579430006250e-01 6.665427501433707214e-01 6.665696613328095932e-01 6.665891425244478974e-01 6.666026784613863221e-01 6.666131075959894625e-01
6.658586999602047474e-01 6.656713330180290544e-01 6.664210649570646572e-01 6.665103082626142594e-01 6.665548287369058578e-01 6.665791706570105557e-01 6.665967803597364627e-01 6.666090034903822126e-01 6.666184152999552470e-01 6.666256522457860711e-01
6.657385629491499035e-01 6.664371079500744921e-01 6.665196089153054837e-01 6.665652185040631394e-01 6.665873448090861020e-01 6.666033389658078123e-01 6.666144321347478030e-01 6.666229688073956883e-01 6.666295302958860081e-01 6.666347684576772181e-01
