2.000000000000000111e-01 2.165000000000002256e+00 3.200000000000003286e+00
3.315789473684210842e-01 2.032000000000002249e+00 3.066000000000003389e+00
4.631578947368421018e-01 1.902000000000002133e+00 2.937000000000002942e+00
5.947368421052632304e-01 1.770000000000002016e+00 2.805000000000002824e+00
7.263157894736842479e-01 1.639000000000002011e+00 2.674000000000003041e+00
8.578947368421052655e-01 1.507000000000001894e+00 2.542000000000002480e+00
9.894736842105262831e-01 1.376000000000001666e+00 2.411000000000002697e+00
1.121052631578947301e+00 1.244000000000001549e+00 2.279000000000002579e+00
1.252631578947368318e+00 1.112000000000001432e+00 2.147000000000002462e+00
1.384210526315789336e+00 9.810000000000013154e-01 2.016000000000002235e+00
1.515789473684210353e+00 8.490000000000011982e-01 1.884000000000002117e+00
1.647368421052631371e+00 7.170000000000010809e-01 1.752000000000002000e+00
1.778947368421052611e+00 5.860000000000009646e-01 1.621000000000001773e+00
1.910526315789473628e+00 4.540000000000008473e-01 1.489000000000001656e+00
2.042105263157894868e+00 3.230000000000007310e-01 1.358000000000001650e+00
2.173684210526315663e+00 1.910000000000006137e-01 1.226000000000001533e+00
2.305263157894736903e+00 5.900000000000049649e-02 1.094000000000001416e+00
2.436842105263158142e+00 -7.199999999999961986e-02 9.630000000000012994e-01
2.568421052631578938e+00 -2.039999999999997371e-01 8.310000000000011822e-01
2.700000000000000178e+00 -3.349999999999998535e-01 7.000000000000010658e-01
