2.756000000000002892e+00 2.500000000000002665e+00
2.624000000000002775e+00 2.369000000000002437e+00
2.493000000000002547e+00 2.237000000000002320e+00
2.361000000000002430e+00 2.106000000000002537e+00
2.229000000000002313e+00 1.974000000000002197e+00
2.098000000000002530e+00 1.843000000000002192e+00
1.966000000000002190e+00 1.711000000000002075e+00
1.835000000000002185e+00 1.579000000000001958e+00
1.703000000000002068e+00 1.448000000000001730e+00
1.572000000000001840e+00 1.316000000000001613e+00
1.440000000000001723e+00 1.185000000000001386e+00
1.308000000000001606e+00 1.053000000000001268e+00
1.177000000000001378e+00 9.220000000000012630e-01
1.045000000000001261e+00 7.900000000000011458e-01
9.140000000000012559e-01 6.580000000000010285e-01
7.820000000000011386e-01 5.270000000000009122e-01
6.500000000000010214e-01 3.950000000000007949e-01
5.190000000000009051e-01 2.640000000000006786e-01
3.870000000000007878e-01 1.320000000000005613e-01
2.560000000000006715e-01 4.440892098500626162e-16
